91107
-85662
85898
-74195
20943
16050
74661
2544
-98503
-68891
-79891
-39637
70048
51854
-64551
-200
56205
78960
-63058
-74011
-5829
58499
74497
-71385
-51049
78788
13835
19181
63256
-62499
-170
-64496
-49766
-75111
75822
60694
-95110
97088
-2025
48652
-86046
32277
-13673
-27870
43415
87676
8512
49079
21848
61802
-60251
-94883
10039
-77647
44284
-34665
-73543
-61618
24577
19483
-62969
91337
28074
29431
-29107
-2881
69465
79868
-23794
-31418
21210
-5219
-54748
-63203
-59790
-97935
87701
22708
-71263
9060
-23642
83772
34673
-77831
-99623
82930
92382
-26222
63893
-66972
56376
52213
-55105
-26295
-26037
-35178
-78002
49320
-43903
-65464
-74459
83894
74317
-9208
-56525
70030
92944
-17347
37053
-38288
-90920
88038
11000
-96324
-53869
-38651
-25175
-41956
26490
-80654
76333
-92596
90433
77773
18989
29652
-90370
5312
42727
-35455
-56070
21273
-54967
91040
-37080
20950
41535
51805
69665
97539
-47565
-18741
79787
-8216
44458
-22666
-74755
-51128
40268
56579
-42627
-79281
-8955
3195
62376
-62951
5138
-94757
85909
-65210
13343
17831
9573
-50436
54905
28439
2766
16446
78995
-55442
11517
67345
-35850
72467
61024
-50173
94712
79381
45733
-3885
-54150
90900
59628
71499
91502
92397
-11359
-23533
5806
42337
-68892
-49569
-87070
28275
-86084
87707
-69967
-81081
77416
-94186
-12377
71647
36298
-28579
67053
74372
94344
55933
-74478
-62902
-33916
-30074
-39239
79495
76971
1289
52286
-53910
71676
26459
64382
96514
76891
-98750
-88294
-26885
29080
-83404
8735
30943
90635
-19975
-73205
-42260
-12111
-76062
14210
-82552
-86403
-12352
-58515
-47605
-36934
-93932
-71003
40226
41928
-51526
-4227
72085
72828
65475
28659
90891
5947
93168
23160
41573
21429
-42954
-21302
-6943
21406
68614
81061
38901
-79663
68538
67074
-8436
-63004
24791
-55086
-47073
61199
-7915
1498
-61602
-35380
72515
-21578
12568
44696
-61944
78872
71677
19853
71957
56682
-62618
-18322
-56012
-95930
-63551
17681
86679
-8805
-50808
-85689
-89476
79268
-41388
78272
-90097
-46419
-15968
-29769
75500
-53423
-50174
-69143
-97956
-7766
41579
-33761
62901
6280
-41638
-59331
-32397
-72776
-58123
-48627
61367
-65980
98250
59214
39733
32263
-2863
15140
4429
21674
17525
36200
42493
14862
-86006
74272
51802
80857
87388
-94384
85986
82455
6085
92629
-73738
-79646
74836
-23901
87944
49481
31103
39283
-68306
-37124
-27087
43920
28389
-92366
33110
-10775
14397
4988
69624
-22616
-35450
9815
-80733
76515
-69637
54793
48523
-44221
39144
-80649
-21801
11536
-57896
-20609
74895
45902
82985
4206
-94584
-71756
43883
-60159
-77448
-54896
-52062
41071
-87259
87273
-63457
70754
48301
-47398
61138
50546
-38530
88143
18203
724
46123
-62876
76599
39839
18031
-4061
-41382
-27677
67257
20787
-92587
-34927
11063
66764
-51112
-93174
-6425
4400
-17381
-29786
346
35075
-44414
-99824
94719
-1256
62262
18169
93982
92560
30554
32624
77504
8942
88512
-91497
-52520
87123
-55667
-14247
-43180
-54973
-28089
35866
-87062
-47023
-92477
-87843
-76030
-81102
-95587
-72497
-3793
-87084
57603
85930
-44637
63282
-10822
-33410
84228
80004
35232
-98858
-53711
-37090
35784
-73317
24349
-37870
-22983
-69693
23046
-52747
48467
-3381
74528
9574
-35415
-74017
47729
39763
-39489
-15664
15806
34800
-93441
-88619
-73632
85033
-30008
96390
14568
13775
942
89166
17712
55472
33478
-76287
-6137
18027
-95541
-56910
72968
-14047
-44885
94386
216
11014
59891
-92350
-67673
68907
20433
61277
-61733
51191
-49892
-81771
-13617
40334
-2453
98640
-37538
60289
-62854
-67722
57196
53686
-36185
87477
2251
-27043
9027
74538
16296
93535
-29288
13332
32293
-20391
5691
55201
-36295
59325
-24331
-12027
26851
77005
-46592
-35620
60520
-21903
-59173
-46436
-41646
60076
-22457
-69715
-66578
-2856
7261
-69932
-46281
-16461
86032
81642
-64133
55110
86239
-68766
67137
-18285
25900
-91716
-44677
-79975
-61501
-55416
84194
-40128
82662
5463
82347
3140
-76702
1048
-33605
-69353
-39136
25856
7849
-52184
207
27512
88683
-89193
-15929
77308
75831
79965
16516
-5454
-1294
89177
64296
-21148
-54273
41960
34344
-41283
13556
14039
62810
-50054
-62929
-81956
-34792
85569
66212
56051
-11063
-97720
-13323
-33023
-17611
-84560
-78655
34046
-58696
4931
-3472
-54881
-81602
3311
-56973
-42356
-11009
-20020
-5698
-88950
-38598
-72237
-20096
-99641
-78960
-37954
16897
45599
69617
-9797
-30635
55147
22952
17248
18784
-65369
8262
92315
80195
62173
-11818
-92900
-85555
-74387
23845
-82500
-20136
4423
-86379
-2357
52520
97786
70241
-1444
-69576
-12364
-60811
73279
55923
-97822
68908
-82527
-30244
77730
6850
54098
1215
-23188
-97911
97832
95607
48780
-23341
-67879
-56485
82960
61038
-7879
36386
50706
-83023
4113
-53170
-63638
21928
-89760
-68796
-63542
-60363
-50556
2194
-28606
-64824
-78936
-37837
2486
84146
35777
65104
-96541
81471
-25773
28458
-1402
-63587
73755
-79423
-9704
-69459
42241
39982
-95028
-81461
-31781
53723
65786
60937
85237
53817
68641
528
56705
-32345
-16777
-10433
12243
37748
-26395
4733
-75327
51364
-8544
-93281
34360
84051
32676
48700
-28797
43705
22645
-7426
-1900
20029
-64779
73104
8833
-51216
-71466
-90119
12836
-39307
25423
88884
54050
-37649
72328
36842
-46039
50416
-20031
-20244
-78363
-35772
15782
0
39357
-17413
-36567
-41530
95484
20090
-87770
97118
-44479
6328
-59826
-16645
23300
43031
-70897
-16172
-6842
-18136
9576
73401
50031
48157
-19827
50920
-39181
49774
-57172
89477
-67154
-40153
-54300
8225
65344
-4466
70488
69299
30553
42247
-85763
27291
-81916
-93685
-29819
-86976
62608
53131
-65738
-58474
-70206
64691
-86961
40414
25576
-88259
-7099
9610
-84147
-51991
72062
-87829
-4455
-7798
48508
-31306
-32690
9113
-83930
18344
78739
29607
45852
-68085
85524
-67137
55834
1989
88007
61533
54589
-43254
49047
57666
-48032
70947
52895
-90327
25727
13990
-88711
60082
-40077
-20910
57647
-81574
97529
89664
99977
27475
-576
-21743
5658
87574
-65896
90435
-28630
-12165
-23327
-24794
37546
-57347
89598
17627
-34481
-12133
-26993
72656
8533
-43486
-51919
-10697
-17414
-84538
-90899
-67919
-27261
-68409
21098
-56965
-1675
82171
75103
-46318
9705
-82631
-96454
96382
-82540
5220
-13761
84031
46465
-52047
-86456
-64985
-10846
-37835
60997
98688
92538
-18827
64422
18526
59468
87835
1006
75657
85026
62389
45038
97045
-7608
-2029
98891
61142
-59674
-49353
54255
-6901
-27820
-90440
-19335
60461
93840
-62897
60670
66482
-67319
48611
-15885
52792
-21409
-38565
70071
37089
-97658
34232
33734
33996
61651
-87354
-92584
-5452
-8270
717
-3825
-39634
60964
-43558
-70219
62186
13780
89257
-90088
20368
-50598
-78276
83087
62323