293741
-855510
-984150
74736
-728778
827009
-749492
288507
-212649
559153
-283460
-659037
-264788
-312522
-565837
151813
342043
-931820
-811541
110811
-497476
-871459
-454825
794704
750229
-780642
612937
683769
-113724
-114828
-64133
193427
-679825
980262
-727882
-338653
787505
869134
-365724
-806317
-974077
-322166
-579552
-928499
-123330
494047
-46056
-745310
631470
-62693
912810
-1929
418313
171698
-935318
-98754
53818
-266080
523833
437674
-476217
-94970
855253
-197337
890630
405591
712932
263918
455253
869250
-128115
474284
477161
221747
-326838
-124389
-636040
599433
528321
269152
-46788
493947
-791488
-454765
770109
-710174
-631557
285449
-157080
-871674
53587
929198
-232393
-330191
-198579
-61486
-691345
551417
223574
-281421
-531113
931949
828833
895317
445501
551895
-853182
-423951
895386
-273907
702634
338004
-83194
426540
338042
101957
-109747
51529
618886
-107816
-766716
-793775
-575260
886233
715218
-955164
25542
-505229
558664
-844976
801931
253687
-455006
390465
462845
-380749
-641000
868448
648711
-671097
601287
-153477
602396
-79276
611206
-200335
-446193
-291716
-825597
-10669
-478656
351353
384996
-198349
-845498
-294609
898503
391805
383218
-813612
879739
113439
574773
-12432
4757
786794
308293
-105847
-985340
-200486
740940
739150
-824880
501425
-278329
763030
517615
-649670
994711
-535784
981852
421677
917860
141100
-176557
487144
582309
721002
604714
600573
-960735
470
-743005
615381
56484
491800
689637
648748
814360
322983
-808487
-801452
-847983
-656255
671293
826852
25086
554253
-988213
884613
-603647
-737743
-790570
-541090
270392
-915922
522643
163550
-454601
51379
958135
-906657
-694750
367653
-172301
919254
960824
489116
495705
-339998
417259
-715606
976197
-462111
629506
716426
633220
-101873
-149431
-441142
920025
-608966
70432
650182
894818
511789
3959
759959
980318
853161
-850397
932780
380324
-615906
-439440
-294111
996326
-695855
922679
542318
-435596
628677
-423729
221829
-424850
323082
-767858
-213556
-946641
862563
345968
275669
884648
-998022
567080
344553
857334
-282516
-459050
-38661
127376
148416
-458876
287425
594402
662607
-979036
71621
-578111
-490353
146142
856590
-62187
-827912
410048
-514500
404121
241012
553201
23192
-472444
-953850
-808001
242315
950888
803479
81130
447700
558440
259671
331424
192386
-348969
753371
54068
170346
-567069
456498
-364639
690687
437116
-401274
-684873
97027
775692
659598
738933
354303
150309
-971480
-42419
-634840
-337025
194862
573930
-44826
-840540
548471
-673259
958622
40089
-195098
-548114
-845300
-631296
106579
141157
-758754
107018
-518877
-473933
572623
-486795
-139887
-617141
-847748
-414571
-445317
-531780
336571
-709019
-242918
34784
-727462
-403280
-382008
142516
865768
872303
418705
-628451
-932093
877990
-759465
-900193
-604219
169900
-771714
356494
249781
-102028
-237265
633588
-760760
68424
-358130
-872365
929209
70674
-535428
440352
648371
450065
812516
-195181
-102626
-801148
43698
800120
303708
-684431
333760
-848119
-225437
-897963
405188
25231
653019
611556
462737
189217
-291363
749376
-308660
955298
894500
-34885
193492
-825764
-530590
-659829
844859
-945299
472629
853575
-134437
764523
-552837
737962
925300
693611
107943
145119
-841088
118090
-154722
473079
482209
507679
38208
440286
-171184
-918003
406174
902230
983043
-641222
986199
441007
-294498
-798322
-512118
-437525
-425103
-157369
847540
-314092
-300801
-385389
-39260
450272
-338967
27384
737966
301614
-681337
-631316
910726
370980
165943
918124
-600249
115230
981425
-749047
667511
134127
-940163
414940
-248354
-800189
-713451
927359
-252090
-611554
-71157
-962450
-30647
-549339
971237
83392
-588321
622711
758187
752465
151426
-262904
93325
-40202
304091
549379
578202
-52156
375058
-358288
365095
984678
-915178
-227828
-325785
-391822
-571185
66582
-141404
557334
-702871
374239
-673666
315601
-387352
408193
-77864
-195965
284553
-318800
-33158
-786413
-277404
1176
-719064
819210
636720
779385
636665
-546808
-20354
242310
539965
-507555
-61150
-856480
491976
606537
-775765
-791490
590677
-524150
-967324
-682155
641836
-410609
-565173
834177
433669
155731
334408
-290357
-359547
-69807
76278
-252227
-155441
527257
-912825
966089
840037
-497481
966726
400622
344590
391303
-671317
-760000
744808
-145042
711283
113251
571207
-991637
-742580
138134
46625
12709
-302479
697285
-297049
-808660
-381405
-148268
526128
581734
-499679
741477
-698506
-501149
-655041
759919
-75095
-131165
122201
19077
566561
873909
11313
837407
-14299
384616
-299572
-444164
325445
-309899
-558819
946347
-907473
566758
-846635
19070
990812
-391817
-617494
-156954
-29591
576578
-919665
-175386
-663446
862009
571105
-99454
371614
48356
121481
-244982
462411
706696
177605
-141534
-501766
-981847
34225
-4119
-226118
-807745
561657
-634427
166341
828029
886664
-230057
134123
-418226
278852
853254
495053
337032
258635
-551342
-808667
694149
503696
413285
-847657
-116857
180044
-955212
-88012
-588967
-866762
391147
-110041
908360
947081
-917540
-354434
-558038
821875
-495854
-604696
251172
-356842
780855
680463
143607
-384293
-89049
896044
-644797
-385133
261511
-971357
-469197
81816
169018
984384
-355269
44929
-869185
-856289
871843
-907131
18163
903179
-769402
888164
497075
-520875
-796834
681013
725565
-63510
-575271
-27648
487895
369777
227771
792622
458966
934633
-769784
-255588
-428168
857165
-724860
121983
639296
-806469
230693
-745866
-638163
-570754
-251792
-799396
-7582
749341
-947582
-676537
496741
200043
141497
-348644
239847
-310542
420640
-857527
-202227
785782
519407
983829
-105123
14182
-869331
-154945
198086
-245595
-173402
-369551
-658325
-460965
772205
533754
870383
449423
-931608
-754254
180728
-428843
373427
-913189
814682
324737
756213
-256867
-710923
685540
-28742
749260
-603187
-715084
-721713
621461
404901
-386612
900369
16764
-285723
83791
-117675
-285000
39037
496092
-76455
-457985
-881976
-475946
-489195
417269
537080
554551
536009
-745258
115627
-447862
980502
-119668
581893
-532250
-753922
97974
-428568
-33372
730672
870717
21051
779743
495987
-313645
-746641
81124
821011
-729185
-605701
306375
867936
-669698
-79885
373776
-180521
876746
237862
834593
-216686
-50796
-60979
-11401
920819
-422160
744658
-667544
462176
961060
987294
172187
-875771
185109
568170
841712
-204211
254743
475224
328321
-379947
-503837
705114
-733309
989074
61821
-509835
872362
923043
114178
-15978
-270962
-439186
-609464
-413575
-973733
273615
883746
239902
859642
713696
652148
19760
758693
226347
594541
-656900
-697551
253516
-527639
946910
-752112
537769
-470819
-580829
-628516
-785410
-277520
372214
-519290
759986
448476
549351
-16747
-44495
-771719
680682
-778996
-507961
-647000
-747512
498542
891159
-184238
14153
431645
705391
-520365
-68569
3483
370534
-358807
-594706
344192
-397905
-639345
-594740
-190301
-25166
-960983
45296
109566
604971
79878
-827498
-287975
-31249
-360203
6869
-530318
-193458
25294
514002
-36288
453327
-80005
-592522
291898
69356
679457
-121672
-851534
407755
25284
8893
188837
-941067
-574473
491385
-959906
-75219
-958408
649457
-922275
813761
-342552
-990475
882523
-957646
-872557
-788521
239721
-36954
-704935
-171484
-227814
-112929
292002
805021
-98956
633943
37548
721893
-804492
392355
155450
315503
-55790
-732487
170689
-606828
-666432
-188358
-176074
-960827
759501
370402
-535781
-464205
360242
-71944
-884455
-916533
-882502
405799
-568006
-313464
124938
-771540
-805735
-864717
958185
636416
342344
-606635
982431
-125208
298068
818086
-229730
463492
-470896
-57969
313224
-609231
-9969
452027
799395
-230069
725110
-558517
-766216
743612
401659
-944384
-748598
-876733
776903
-65366
465860
364923
829876
790856
510715
-918820
-110978
880092
-429417
844127
71354
-675071
-387876
-484483
453696
829320
-695385
-580033
-365735
-874944
279868
560715
-875753
-435362
-589578
791068
-51631
784214
-937445
-544576
-846065
-97884
87563
-351326
956109
-25717
-293172
-608072
873117
588146
-734683
896409
-29364
-805491
461899
737916
-79853
-438904
469788
-602921
356492
427514
78003
-760224
-887538
-260078
-149250
-349033
-420008
-567979
980465
341682
375490
-867524
234412
-240417
913508
735928
-342022
-477856
288759
-131839
-891148
217812
-559076
-809591
-669899
-736499
379673
-60711
-713923
26957
-625787
-339031
549145
-956481
-235627
-765302
963050
-363219
-116744
54368
-49778
224751
-134619
-882371
200357
-820613
145245
378333
467774
-221369
-278977
-242414
234160
-139643
-430546
-916089
0
-659035
863275
727023
-205055
-542370
638988
-681341
72177
384799
-800266
235887
-494726
-99433
-485153
-236608
981940
-240521
-694183
-202834
-958915
128264
-928564
251037
299108
-910665
-101384
860659
911076
848448
164355
375047
-640968
643134
568303
-449771
-643239
307971
458629
-943230
-705336
-328435
157471
817486
-433513
-379381
-80372
385824
747018
466382
-515778
906237
-149873
618920
36853
-383908
-288285
-309639
-943797
-758301
-674791
833170
-731754
-359061
134202
-310955
-663387
-176541
-886753
-348717
192808
-5837
261057
-906585
-225307
-788646
423410
-583903
968739
945977
973680
-697187
-34935
20945
-720390
208833
494856
-954658
-889839
209696
-393509
168381
1597
535959
-668469
-909843
-470063
-975525
-388698
935890
571006
-578425
-381382
-71202
245854
374611
-492284
81815
-158979
997526
-607710
652187
797447
748737
648537
-303993
-373171
-655616
-896691
-613456
232688
-287910
24530
-231067
919605
434889
30455
-840963
52840
948489
524023
219800
-56897
644380
-42382
170797
-576231
888465
103864
-23010
852125
147230
966473
-512555
467884
586783
-568032
-846975
954224
-272657
-337870
252990
-553705
319651
162031
166629
-162852
581646
414968
886609
237845
-978102
398239
-695719
431848
-678709
-167519
-302598
795482
708723
846414
-260314
-622681
-466983
-136838
399210
214561
-461730
313827
716917
-205974
-430630
-473972
-293289
-750228
-229851
432406
848237
-513515
741074
-134342
-883450
-78812
456634
375054
-22893
333963
262029
-349180
-16693
-687812
-258274
380514
155563
-940336
-522227
689087
53499
-359972
39149
-712785
-476281
-149095
-6249
709486
550176
688663
335072
271998
-285869
5174
-77918
-776854
-740106
378110
-764410
885216
-370760
609546
-923647
309349
323153
-350975
32836
807883
435115
-646928
-874573
234137
331188
-899646
-97024
763681
-233418
530576
152343
153220
84248
-307240
-843252
-476122
167136
-160267
631921
658909
129448
-204638
58930
605691
-113043
962649
143470
817445
22330
46522
648474
965041
640925
21048
664788
-376356
-801717
-301479
462896
-997480
-851473
104265
290106
-759888
77914
951311
239262
145261
826121
3339
-436877
-178466
522632
-603401
-940516
-445719
-77916
-177702
-98552
376608
596592
-398426
826401
8873
-911082
154197
-516283
612130
580054
-72227
-382706
571625
-928683
385409
-316628
992996
223721
592903
-428116
837243
-735176
799404
-532796
799746
133125
-552057
488534
-351697
-342088
-893926
-13057
-898365
732978
911631
-773210
-726188
-841510
-499014
-982300
43169
-904410
-520136
-913998
275196
2914
252023
-146491
-895685
599913
992963
377205
-183580
853890
417479
198780
-617232
-978131
-301136
-687750
-352749
209459
287267
10134
-633048
974989
-486189
-783740
160948
-873899
549
291743
-977112
208039
-188619
-97991
-894497
694202
-303088
-495621
269905
-75155
548267
-121923
827152
-606727
902754
614133
173276
-903052
127129
324517
62167
-99428
-531243
874138
-894817
706570
-862408
384349
-934181
371090
-371783
197821
-874044
230535
-230068
-61784
-27735
258980
-715296
180279
115336
534982
-580951
456726
-136757
527935
501197
157949
-118624
-376455
-377066
-641984
-118054
573824
-970426
692888
-432745
579988
-45861
-829607
766348
-273023
-152849
-130237
-181457
825966
367949
929487
-791183
-661548
-396520
-837718
620543
61510
142624
-196103
576833
-358755
-47816
44254
-601217
-716784
798777
955527
810063
798985
169790
920156
-538443
-977184
-605219
-756327
-189643
739873
214053
922623
536129
389576
466782
35284
479831
-625552
393729
227242
958566
612961
-40756
-666076
-17401
-720332
174964
550333
805798
-24369
298713
-439118
965856
-942177
181676
-873494
875103
839201
579996
85409
-263630
-737788
830877
255740
182073
659637
641734
-985832
-893547
539536
695415
491158
-394695
-85183
-393171
-727705
-664657
-604697
-527045
314849
172480
-64637
316477
-442178
589114
966872
838781
165001
25563
-256850
-989177
521279
992037
441949
-993504
515326
438145
734617
302429
618774
108729
-505935
-15197
-826088
-379561
-139709
499583
-223404
403087
703864
444072
-576584
608744
980013
-450481
-461535
-867421
79718
-954259
-613433
379713
-372711
197920
609643
493728
131539
206317
546683
-457898
567240
172262
432892
-945871
874769
-683350
169923
-144396
-13078
159984
34280
-262399
448993
-649326
376272
337506
-532742
-964038
-259667
238328
-729621
-54890
-818125
568961
-723132
-786660
119118
216974
-546237
1138
-547518
-485965
-388601
-508915
306407
-334257
-345322
917882
-778767
868634
990304
201874
476858
-671873
178803
570693
937513
10144
-558371
-453986
-632008
-386437
-830219
-786128
-433499
-390748
-2660
-470640
38826
585499
-826461
-266642
772859
-402230
221153
-319177
-999846
-841784
-927298
-7058
338320
951472
441402
383497
713573
23908
384640
-997230
980117
216049
-976306
-380958
-780719
-233723
-492576
-432023
-871847
-104315
311162
291754
815225
314963
-881290
664784
-953062
50423
137406
155022
-501017
459163
98929
-360532
-442386
-276481
106910
-94440
-433864
-276470
-655952
714264
-120338
129101
-379714
516783
-408321
567817
247031
162975
877999
-804318
143675
286877
-608505
349922
308
-386951
721424
-765186
847862
17532
-964348
337460
901907
119699
-129195
-742856
534656
608423
-538221
528918
411547
-837941
-755151
-830913
-606569
-428497
-853478
189817
418060
-272883
-520077
-366989
-724855
-448127
990603
-869220
-926897
-101171
-522051
453731
-27301
-372861
-893457
297215
745774
-79432
-613723
827803
-413970
512194
213128
949463
-713338
-612018
-334990
17290
565441
-532698
-133669
-461818
423420
598057
562763
465689
-85138
-113145
-547211
338684
369301
-470122
-83812
-41848
506134
426448
-93901
982435
401660
-964544
422703
-40037
559368
83159
-789903
462755
-777821
-365502
-478793
902649
663616
-18562
708680
641111
226665
164199
-878467
244821
812134
314885
25688
-710269
481722
-628000
-923336
-576324
-98010
282299
-564332
-574892
-979533
736881
862913
-468057
-249723
717711
901164
-472831
214413
597676
73750
615295
514411
649709
918419
-81353
-216407
507687
955833
69292
-348988
-237066
-739806
-755679
768980
528988
867644
-987891
991662
-235561
732633
-554048
-388903
957747
-369708
-791161
-705769
404939
-466950
70151
746728
-928145
-337757
-984172
510681
998789
434959
-152886
-821971
10621
511262
-891475
256512
8777
-606862
-384885
905472
-583911
425176
-974566
693036
254137
296995
104947
-613981
-134646
822347
-985127
-777458
-884545
-855106
-815303
387919
-93673
823998
-673981