42
-89
0
156
-234
501
-12
73
-445
289
-67
912
-156
-3
478
-721
84
-934
567
-11
645
42
-157
0
983
-512
1
-789
256
-1
504
-2048
73
-401
1024
-65
312
-2560
9
-888
2048
-34
667
-4096
18
-1200
512
-92
433
-256
-7
-1847
128
205
-3456
64
-321
2304
-11
-555
576
48
-729
1152
-25
890
-384
36
-1111
768
-16
-623
1536
52
-234
640
-89
456
320
-140
987
960
-45
-2100
480
61
-678
240
-8
1500
120
-19
-345
540
8
-1001
270
27
798
135
-38
-456
405
15
-789
810
-62
234
360
3
-567
720
-14
-2000
144
74
456
288
-99
-1234
576
41
-690
1800
-6
555
900
22
-333
450
-101
-1500
225
-43
667
112
54
-800
56
-17
432
168
2
-945
252
-68
-678
126
80
1111
378
-30
-234
189
-5
788
564
19
-444
282
-77
-1800
141
39
900
423
-21
-567
211
50
-1050
634
-12
345
317
-88
-2200
951
26
-456
475
-39
1234
237
-4
-333
711
13
890
355
-55
-700
177
69
555
533
-24
-1100
266
-10
432
799
33
-777
399
-72
-1234
199
58
-500
597
-20
600
149
-81
-900
448
23
567
224
-37
-1500
672
11
-300
336
-66
800
168
-9
-1600
504
47
-345
252
-28
1500
126
-53
-2300
378
67
-789
189
-15
555
567
44
-400
283