-981283
484649
615685
-753098
1957
849159
-65587
940258
-769521
84956
119338
-575450
107523
515971
-537802
-311419
970130
880047
776799
-458188
-119710
448130
-701538
626638
642213
525369
-376958
448440
646391
-195339
-604137
434958
-161142
-831492
288686
-955228
646435
704977
180870
36276
-47346
-230572
956121
567269
-174195
-999161
803853
55048
-603475
201420
158823
-564549
-982123
-209784
406837
-892849
-838845
468425
-206134
835821
-147167
888541
723759
115045
-301422
-902120
-761383
291601
338904
83174
-281001
-47527
-83427
-425036
-422884
930454
463441
-318453
845954
782407
-875973
-15499
881301
464751
829897
-756341
-606899
25053
-569124
140460
633752
725083
-894052
-35759
-839881
438421
-560660
97732
500940
-969702
-674022
515752
-37680
-142695
-847023
363699
352624
944991
-298110
516184
935990
592971
472766
-179137
-894829
-355395
874062
-734646
476647
-494164
-397879
197689
650638
522067
170777
345508
-341080
179425
174030
258378
365570
703569
-772489
115349
385550
761463
92709
-997022
22783
964420
-592004
-667983
-61149
-712677
807388
-749059
-667341
-114803
377396
-598315
399970
605594
-279661
-822942
-155784
-909175
637036
-980008
-76794
-712530
-588120
788829
-375915
-750166
-772519
-782163
-527851
275763
-436010
164250
938702
-373506
-783601
527741
603203
-612109
415138
-508567
-782589
-236172
-909156
78739
-117066
-979058
-32558
-530637
-726489
613638
-363926
952167
734909
530193
-51523
789147
246180
200532
606971
434996
586403
485568
-948904
595536
90930
-196610
-638080
-584359
-388599
-310411
687395
-322431
-925899
83648
-59965
-948742
194365
75785
-3704
360159
-51152
584988
-845331
663661
792949
455752
-952668
140770
-115194
-844758
-329228
-719721
423088
-156626
348010
203372
18550
-840526
-918710
467784
494141
524093
-677917
-747750
-81428
760353
-463964
-666341
-696437
366173
-40319
-699743
387212
399734
-555448
77228
368467
-639351
621210
-8115
-9735
-910800
967735
-159324
-133207
-61894
794222
605196
293036
-880377
604317
475920
-307608
-404245
824102
887111
648305
629322
-201511
261637
-613548
409187
812692
594236
-191382
-807388
-698567
-568091
-145277
553685
34393
480494
-823370
-834997
195764
-5039
390149
524810
565345
350496
36829
-605557
-621925
-152874
15163
966174
-541936
-549808
890911
-292212
-848044
-284360
-558748
264311
-612449
100156
629604
426230
134386
335981
-138824
342337
-67843
163413
-942621
147342
122441
-374342
539974
619276
-118494
780485
384335
19638
323686
73259
-374794
444293
-171502
327608
447934
866503
-320257
427671
-279295
280165
88827
-674705
-852392
307596
905583
770855
525998
-828513
439344
-181703
142605
-186522
939754
54580
-241420
-855991
48075
440772
-398084
-868694
502933
283844
-325959
366845
-271675
-69274
241006
62110
643512
563726
23130
-344713
316339
-873883
-138280
-125116
114470
127955
-825916
894911
-219431
-173167
316696
-720380
-43446
85521
-399280
21362
504930
756930
-201356
982962
-124503
-475041
491315
-189488
647867
32868
937741
889628
993294
-217751
255748
219684
-789021
-517222
-272224
384055
727041
204708
768047
39896
-464457
533730
-821295
-478790
430506
852973
891485
317652
-469888
216465
263137
-877008
843115
474091
-283273
-127344
522097
-812781
467973
304502
27862
315656
83728
102528
926463
-324869
-494537
964711
411820
-397090
-740462
952531
13055
-961863
129230
-874938
987840
425150
-889265
296877
-166037
-809757
-716338
-437636
-590681
-549451
673561
988556
-596838
912120
854680
178173
115837
-14430
623918
178975
35418
175059
946324
-599914
407951
837726
961414
867910
631293
-535739
496204
224400
542535
528214
505553
-160901
-897656
897565
-925253
-352189
241960
-563205
483591
-827977
-699723
-802630
852990
472892
297292
831687
-887917
-978409
186348
-737264
-488623
721513
-788226
163381
949634
-478506
-72360
309756
871503
707369
902198
407879
-707966
-7406
3918
-110898
387405
-153280
881788
717212
897664
-95853
769753
-744192
-522788
-648926
483468
491168
-56046
578336
95598
416881
-589767
-380557
748736
-15243
-414884
827228
41489
-630212
374718
-134382
-650901
424824
389674
-420756
955021
841444
-976922
-161660
613153
-913402
-940715
770158
-966210
-309991
-633531
333617
801438
480380
626667
-654516
-191057
471372
999246
-117339
242580
712978
123920
-930428
-981383
117466
-785983
821490
-543179
-121037
-355192
697250
147137
162903
366467
394386
332238
-920997
-798222
285556
-221683
-895995
968264
181145
-691913
120773
-28491
-400674
116781
233443
-914160
990629
719151
913382
408234
268811
116407
857364
347111
-263510
850935
-9598
-360267
866472
-967671
-591158
5536
-156356
289559
687043
-116493
-459134
-278419
-633459
-851812
-472525
322859
-606134
850349
831480
311538
-766985
-49039
467300
-992560
738185
-496203
65738
-598178
-254295
-872905
-72814
-446513
-531311
-668035
-26616
977260
549857
679308
697510
430708
475906
-928205
-238560
-182587
-741478
48874
-652668
471433
572175
609106
231962
-96046
945358
-586875
881638
429584
-396170
-857101
-804130
676216
921593
-906965
-864564
985927
497156
-897267
884626
783968
339456
-146107
590539
865216
-148929
493603
-254693
-7889
960776
272526
-538410
167334
-670001
359391
-748864
608247
-868102
-294838
786019
-762598
571957
-817250
1025
-565893
194552
826812
-512175
-540634
-202392
-980781
370850
-990964
986567
-372003
496024
-424660
-720868
376109
252904
178098
-837537
-839879
229995
-38895
905802
508129
-507930
880500
188440
-369422
-750853
-804754
-520861
-621929
-286090
210355
-129807
-207293
-76562
-695820
-950303
852620
-717630
42963
350398
-750914
-306
-311050
439476
-956893
218734
560355
1909
-272796
186448
655086
342677
698352
514203
861794
545142
-630011
-797672
-174957
-531166
628700
-537025
850789
-131257
-235582
-446051
531267
798145
293046
-876628
-402313
935920
-457706
178606
-417938
517871
530357
-153988
-338192
-966384
294946
225420
21931
34450
-47130
-512776
-410954
398229
-221418
583317
-339613
-152373
726827
333126
455848
10517
-264884
-511710
847617
621890
-723338
589802
-722094
161241
-104057
-579377
342938
144943
-547027
-238811
-391365
-24642
915096
804036
587893
618170
558933
-946605
198747
-768113
-274444
43289
691841
618811
505239
261433
294843
-246421
607138
-861403
451816
161507
674895
-301053
722358
719823
307106
-569182
-67157
520679
-944824
279814
200669
712311
87982
-455518
-520292
706339
-582061
859669
971419
-128191
-53413
935629
-247424
-427955
-593303
-417722
-433742
-98754
-674219
900460
211538
685164
616265
-745691
294837
91470
142645
-38670
289254
-113397
544441
749586
887606
946838
786818
-902991
-321653
450437
392374
198630
449871
953301
631918
-893289
-62951
826696
52581
551770
812462
642645
-242543
-509604
-326049
486992
29692
672106
630997
799704
-495354
985025
-299771
1122
-812258
-771717
952171
-642215
53618
-912431
825634
-602578
330007
-513699
-846930
-517975
-568077
-930776
19383
-823548
133284
64989
-639005
-697228
-947463
-117062
-84790
742756
-788197
906061
-170343
-940230
489774
-223719
-253732
425567
142368
-419177
186224
884413
486
-303352
810073
-604107
-205865
-548592
-242139
990096
595838
-559938
-701327
-986589
-188868
-241167
-802474
-309161
272553
-66404
818243
340797
347679
632639
-710373
906899
-387958
-440954
-782697
-350088
951723
-59101
130023
-360812
338412
73743
799853
-551871
-406517
-489591
970099
345886
787431
-35024
-191779
870513
-414614
257198
924226
172715
781089
454221
635947
-643209
-17960
-488537
-305500
-367729
-667613
-952062
-131641
-890626
259570
44653
487411
902139
851457
501482
710440
443905
-37271
-255311
353127
-452686
646536
753200
603915
896774
722165
-354002
5549
944646
-316038
-590439
488302
-870575
576512
-384582
994656
588743
-176297
532867
-94201
-937356
-540576
-636489
815700
-653357
-104525
449672
-814107
-183949
105428
175771
-312585
-668852
-26873
609600
869746
26539
256511
216075
131305
89591
163416
-897047
-135403
-179016
664193
168029
-975584
579554
194575
-486721
94753
-392757
586159
35296
-910950
-913054
248814
-618069
-537867
417498
916079
52260
549523
246808
707484
-1581
-260607
-136738
322286
689379
131286
-180894
245790
-948494
592045
632060
-516883
376960
-872273
-285228
-406906
-181473
897674
-102689
-610668
88121
466132
-892171
569118
-928607
323336
936730
-545776
-642419
-572727
732128
-650707
230921
-827321
24312
421865
-838222
-926049
527604
-381734
628697
162949
408104
438386
108417
-591131
352314
12640
863074
-887227
-515503
202388
772450
-780484
-876540
21725
-479106
464766
-941140
532884
501518
-436221
297660
-425902
225380
-574824
-318935
-110032
-142603
319901
400261
365801
-300922
832959
-559562
965220
767795
-146805
-911906
-110952
317158
-648637
-736354
852580
215226
806586
562926
910201
7893
-648094
-291726
-346777
675546
-699299
-688324
926461
-972439
-412328
-479455
-413097
-439143
18922
404518
472541
-905878
218427
514752
-891746
751881
-420344
886319
450771
282904
127047
586481
722443
640803
180554
952874
-966330
-766758
440652
804244
371513
-344555
431611
663748
343385
-876538
220770
435339
651369
-114661
-242745
278801
-822857
947367
-977966
70559
-747367
-472254
441582
359936
-573753
580747
-701040
194330
-146959
-333661
-669578
-838057
566269
-70451
-72262
914029
410166
-814366
-706314
-308993
-839247
922684
-474027
-924015
-534264
489513
401807
-400242
745493
-938171
890086
91883
-192105
898686
579674
511884
-14546
761809
288971
-86975
-601967
215787
903036
831815
-507980
268562
-321946
659570
830902
900433
-839757
118416
-961944
-270163
5484
222681
477670
740412
-620235
113757
-198848
687256
930560
227281
-400905
383797
-321956
236378
970629
-348015
-916381
203196
-312877
-796815
-915128
-34069
-237422
-860427
808429
-534036
-435855
544394
-92220
-625213
202642
174630
-629019
-503859
555603
-987641
32062
564610
-547467
-816303
-436629
514263
976390
-629453
682548
630567
61900
189689
772107
-581370
-516081
-908069
-603254
-328816
694713
-109170
-845636
770283
-776758
977415
-922175
305109
821005
781481
873233
-347869
434068
312893
179106
-113243
-303175
-666508
329771
-710671
-754158
711165
145363
792438
-879598
405899
432395
938700
556400
376349
208671
-482741
790764
-69275
904322
997785
80035
-685638
-324606
-826691
212222
-94113
651434
-595658
993894
-675494
-217320
-202092
-489769
836495
187537
-937708
-206349
261083
597891
123215
353210
61980
-395854
752991
-895658
807918
650245
-720039
-68556
179407
-833332
-930696
553560
-196311
-969933
752920
10435
-817961
20729
965490
-38381
364782
-46280
102043
-228778
-789376
-290081
417319
-967751
-92138
-528238
694754
-944061
124635
73132
638386
-48465
-416921
-404473
-439200
-858429
256642
-826485
988079
-652535
-155729
810692
-126957
-447929
-312392
-20701
-220214
-426318
852702
952450
-621838
765341
749894
464029
699721
857121
233101
-713942
566051
-697283
-709655
234532
157109
111104
849545
-334304
-141566
897504
-665361
-169028
-914783
267384
-676235
-285070
-681675
873699
-677608
21014
-470377
-39056
530829
-218897
52264
-147887
235158
877742
-546264
-655278
599916
-831975
-692692
416456
-3498
-189586
-970983
104456
26754
732634
-302506
-822453
-381489
-886543
-387757
753096
362785
-613908
-583986
-918119
968420
-68555
-317586
-922400
-638081
139704
276562
810266
-394553
-687360
-741886
268740
-426214
-773124
-389878
-60190
-868837
-661168
-419147
810994
-348927
275948
-342703
-754902
861548
296142
-937936
908011
-643711
390638
-526750
-695036
-556163
-569670
-535289
888195
-139679
-591099
837994
-566806
-729355
84528
983326
-73229
124483
-538340
-357524
39568
80979
-920437
-563754
-385538
332695
-110969
-342477
173080
206576
-596139
-879495
892942
-758511
-900663
-80486
-505214
-138076
991981
321438
593074
745546
668304
-205780
-212154
-607479
-153860
407989
223417
-856773
451847
206595
178538
-958229
-30569
121988
-447075
506517
508913
-914894
965672
-725398
315548
-966404
-338626
-670148
70196
-486212
742929
-298320
-318337
36111
142043
-129061
-335366
611016
543993
-281414
405619
-894820
991829
-460883
798620
319933
-458886
717430
566173
212859
545253
207260
-126597
-681368
-362022
-101408
-190084
-497083
-630934
68337
-892132
-1015
508318
-42736
-931799
-893893
-582680
-253820
189887
-534070
572186
-561889
-989485
-525117
-435049
-22836
944596
141187
-84375
-924276
659033
-866251
674942
-908748
-893905
958853
192885
149641
-291978
-410659
916700
-349853
718330
-448774
212940
125488
-92716
556521
-798039
-903944
-816102
-672708
257912
-440845
331911
674238
-772370
-460719
634796
849542
-964194
-888423
-450649
-356072
-948886
180290
-598814
86308
-297731
799235
679509
-483846
-798691
-965570
-394288
349140
372313
-174142
910917
-701733
-890586
40765
280265
-862934
830954
-396211
137954
-109577
5646
913951
-278901
-100367
333300
798692
542526
679429
919969
-728401
-260427
231353
-601650
624846
216393
516115
-501997
-44658
-582443
982223
104286
158383
-490422
-800950
-768103
305309
-359308
-716613
-453486
244727
548209
-200940
382022
-174609
-68584
-854406
416453
844042
172298
-695722
368348
229248
334888
-800760
403549
-816942
-533528
-783048
780133
685112
-438226
-457404
440649
710565
-344073
509099
558391
381851
131903
-207607
-154922
-945632
654962
480986
-481894
924067
-674202
-908444
-993257
-959207
-514883
460742
-111314
449722
-378712
-875378
175417
851291
-250285
-718328
158529
741722
-554212
266655
-763147
-63512
-526419
-884711
-940654
-603789
-166195
617280
502613
955129
-91988
-207031
-204919
-883989
-369034
822662
-175701
84044
-700676
-940275
774330
-263062
-474017
-134169
437254
-604026
798660
38660
68568
68235
360661
-621310
-749496
-50803
194516
41682
-196977
-381885
-131736
-662688
-285663
155433
16903
-589555
-470230
-749462
958549
715599
-544333
4254
-392016
80944
-722001
16499
788326
979247
-537175
-624186
793868
-355896
360815
16979
859153
474104
-184454
-819594
882235
163377
247633
357934
-608766
935928
-946553
-184775
-645377
3762
45238
134150
894453
-703245
261157
-832885
-812028
398847
677483
-288272
997191
529823
-204461
282720
19716
411990
-566277
574690
289248
-963547
-61789
-213587
850374
-781545
-907548
-916895
-908853
609473
766106
425270
329887
730060
-390784
-614329
-20259
893470
-334732
-305605
401393
-215532
-494636
627913
-148476
958274
-914074
450344
-907287
997899
-219873
106444
267443
-877643
-718673
795357
718112
825178
88640
526538
-614743
607479
-463368
458605
841613
-764514
319327
516051
-151461
424072
-247795
-577301
-325477
-875248
24595
199293
14448
581026
452240
622915
-181854
-540104
393026
-537486
21824
-763174
-650385
868154
-586914
762125
-727460
-434440
635794
-632516
417947
-731341
641019
428421
336074
-40018
-694748
39507
-242177
925213
-972353
529944
573683
-434573
354112
724248
-172999
-285286
-742027
-172630
437678
-190139
353624
598657
-280493
-293968
459626
-917156
-692578
380783
865612
-738966
-62276
-267870
-316519
649474
-525845
-714890
-216679
-718030
274956
-363618
819801
-136254
280058
205551
482484
917221
-681235
864452
-72077
-10822
574203
-444733
403210
-537343
-94743
472263
-778991
-11452
444292
-462544
856277
690651
57298
-854922
499322
-370807
778801
89398
-365133
-614607
-233158
447166
-740348
-95888
-979516
-363675
-178725
940088
-907314
-258475
-605572
-445843
-656009
-712449
473419
-914209
-169785
-160835
517412
867416
-194368
428699
16042
-95817
-992790
-693300
-255687
-949285
566581
215252
94706
36463
-805095
43837
168679
610491
-84115
528126
-12057
62455
856664
813318
862034
-943545
776516
680252
-825186
-435847
-832094
-93922
-506196
532075
-637148
-369181
-744130
-840843
-189682
-45498
696693
305358
-823227
591800
593084
-214458
367033
-903793
-558053
864778
-773119
-608318
786907
241590
827502
-512358
970042
-708809
258571
-717566
-657842
-927405
346253
-128025
437961
-444594
-56287
-602750
262900
-499525
717252
361495
550863
-335573
53886
-266410
-467787
936226
-883561
-379167
52987
-611824
808331
-569285
-634027
256025
-481908
832882
-26071
-305197
-518204
637925
890268
-451793
249960
818820
-652797
330489
-360080
488493
279969
391541
483790
-623882
-254578
308992
-718575
715922
-324804
-936406
131129
-384840
-204150
-730032
474065
403716
-751968
-892397
666359
910149
-680325
-951603
-82789
547270
-525070
-981518
491436
574390
628256
-585907
-944283
845606
386733
213121
124151
935262
31942
964183
-819896
78210
764668
-984018
680037
-712135
-105120
-723691
-467506
-446255
361960
-456948
-933244
152902
-215937
925570
-808577
100174
-270117
372371
-755239
816518
-457204
642654
-452182
-150170
-777415
27893
521188
865978
344223
51774
-721854
20809
-807052
636446
845165
352594
-683793
800360
176420
-241454
481234
140832
-915269
730806
-892022
810652
-974024
-671471
-623391
-46143
140360
-916334
-465903
-561006
658179
-596669
276387
134467
178962
-485545
410437
-150580
-155107
-547588
-124050
120391
-228807
-783361
-912895
-874589
813251
-9002
990016
242322
926643
503202
159071
-547942
-246880
-550779
-586775
266182
-175295
735949
249072
960599
-71039
712875
-363857
740682
-104729
-289219
-545761
936164
-392672
475006
-702284
-233166
-177428
-439726
924469
535905
-449156
-563033
-440891
-289981
-114050
908007
-594755
-836019
-253567
-525418
630883
680017
929863
-495121
-688403
-328282
-157628
-692123
316112
498819
-882473
-187466
-235140
-155210
-785811
680127
-701165
316538
-264822
380268
560966
-559614
802539
-865788
432523
-234597
927878
11487
-625781
-261755
-903279
391828
-123048
-303899
-895894
527766
-370004
-336998
716824
165385
-233082
115465
-657837
979926
-474108
925426
761386
-829096
-454480
940841
404670
-641622
511046
23462
-571567
779349
938150
537539
636711
917777
595420
988301
-765666
-204469
458473
-479560
-102884
-273873
714445
695893
888808
275085
-205964
551377
-979621
703974
988853
-617699
928798
539664
327711
-966523
-458705
645148
-534939
-580871
-734618
-171045
-896899
767244
398515
50247
-487887
328282
-68053
532192
887877
258729
-830400
276432
-456084
-813690
-96531
-697208
838596
811673
-651870
-600512
-113968
640245
-938707
-786704
840144
839881
31374
881649
-550828
529143
-908115
151348
-264285
-222588
822300
-992054
226789
-103544
45073
-34003
-844715
-98768
754789
665232
-359254
745833
679580
824284
-384426
725863
807615
-761251
-107021
-438793
917151
797846
-231090
638413
662159
-892269
774911
192741
-711756
584142
-266854
701327
-598177
-448220
216559
828264
-337188
-272634
-852899
-604998
431092
-509129
404094
433228
-602966
530380
482656
-943859
-194068
46547
409826
929684
14050
-772588
73031
-860986
-465284
-938058
201755
460688
297468
-596610
-863944
729073
-304965
589284
-699120
-873899
653521
972443
-864412
221801
-235100
329194
885437
116001
982384
130761
355948
-836302
-890685
543480
-12887
-445610
-714984
-138385
642047
-812927
-319455
-960804
528784
-437758
-924318
-448207
308752
-116603
740374
-243867
924784
-352136
-548220
729739
-118019
572077
-190449
106848
-277448
732290
-686036
-645581
-923423
808741
-694199
381494
627081
-348525
-814654
-497625
-49333
-891789
986042
936300
-651623
997531
935783
525231
114387
-976755
-837963
822788
346134
601621
-721703
-248400
176964
73709
199029
-856350
975359
167927
552323
-564241
-35751
679248
17672
-692259
-362133
390504
430953
33
337761
44218
-973491
-329363
-204993
436730
-822065
502074
531381
542391
-916227
566201
275830
663037
-981520
-885231
-927012
508191
847113
675027
773069
-501726
860613
-762748
120303
938063
690632
-119659
-270023
797809
368584
51338
-843504
229278
-878092
591692
-596655
-197975
-500911
-440562
223171
-508192
627661
548468
-402003
335624
214020
-736102
-75171
61793
3399
-804237
642402
964361
-174598
-772337
-351315
-697612
-910036
378064
-663417
987294
-21092
178636
-199312
-953739
317531
-644258
-56285
55191
499450
-173111
376681
-231725
290812
223950
192606
329440
49364
-404145
505605
-857103
7366
-628559
577399
899237
366194
588421
-358881
297247
-809727
918112
-47994
-248037
388763
53832
732544
-508803
-44469
-376491
-44689
624306
20615
285762
618669
-645366
822783
852523
-630796
493068
-373561
-506854
945923
712588
-732301
952593
-807380
-283692
-788519
-878451
-781468
5594
697364
569698
658099
-691218
520386
560894
-869002
188462
-882372
426565
-859522
987112
978407
-389462
-28097
-815153
-251237
-873211
649546
-644716
-449069
-42898
-976073
-139045
609237
-3153
-175884
-885605
716000
-696783
639291
297452
810008
135865
-223450
459197
-691747
-374007
352142
-575959
-599656
299509
-744724
-739582
-759565
-268956
-939023
-879715
-283014
-489710
288206
-820832
514647
337171
-731627
-461627
863505
-311727
-636428
286944
-464047
-149210
-798467
-637416
-108416
256441
-986768
676339
475903
55332
747109
-320727
978893
-168616
-483018
-363972
-362716
730071
-886925
295702
-244787
606614
930895
-496824
-96490
-955977
522642
-973916
933877
680210
-141196
187034
-903452
-605901
724895
714892
306670
-382621
-219308
599825
-940183
-661292
-180703
803438
485438
788612
436435
-99543
231622
975657
998607
-574368
142384
-400914
-33050
908843
-296150
907629
-147187
-252251
-332513
641712
983307
-620616
-959719
894466
-370310
-636409
-563483
664086
-174255
688174
626467
986337
-764215
949011
970471
-504089
-335028
-176507
633735
-717783
-410644
792695
486743
694989
-160511
-988686
657868
21590
-207770
424572
-908628
860015
320247
-705602
-263420
356941
-60577
-646330
-700113
627467
646704
533324
-612847
-799492
-305283
642424
109070
-558222
-793560
316110
712951
800397
-417717
-399382
-78603
386168
8425
-78591
131411
-375854
-594922
-413614
-580443
34787
-145906
567166
-72154
-595109
-663456
435307
309813
-916177
118064
390741
320184
833558
-870736
-666806
-587189
-332577
-665736
-862850
600780
-949567
602041
-204267
272592
-253374
-486513
18194
-17318
842646
-147075
-714445
820346
281060
-214980
282853
-278125
410946
-958421
-101551
501107
-611580
270705
985904
-137613
-873796
952201
-893953
458554
-955121
506834
-790249
-779557
-686927
238453
-974631
556702
-6807
-24867
484731
-705937
361002
-860870
-755014
-23973
-508977
-54479
139219
585861
-199570
-383981
311317
-172191
-719652
-120883
526008
-703479
648148
463619
-897102
356456
934275
-237937
-491720
-984584
-665156
-215126
-364192
-168352
19835
662704
229153
857026
-969937
-975214
600547
-634016
402304
864193
-222330
493759
-678167
-548075
313736
837998
-552130
-602185
-360465
-546024
923226
493750
79426
-118783
668826
320849
-26967
-619697
-391651
951924
252658
557073
829597
543904
0
-701153
-48608
420325
-681069
-14609
697779
-366118
613685
703866
-678103
-442720
152926
278796
-957445
-250305
-871777
767827
606154
-820234
-447540
-970182
-63311
-936988
-840548
-961262
-115314
-842178
-392301
862491
447794
832335
468015
-410015
43503
-342726
18229
239589
190392
-918719
-842262
-759425
-338854
-340575
97509
-369038
-669762
-222506
878796
-86556
32212
278939
-45379
674770
970701
327321
236935
279422
-624586
-499883
749003
747504
-180526
363113
-154509
761222
123523
-73294
-674780
-40689
980655
-663103
-384329
984896
-998966
904785
196875
641032
202177
-37930
-150389
-224595
-37426
169180
-147838
-159297
-672974
417163
-527747
654136
-794572
740119
-900350
-412604
-619384
84799
463588
-666674
961240
153094
-435808
395721
252323
892991
363885
135423
512114
-300493
-7749
360910
659451
-609306
-794523
284928
-533235
740082
730111
-777780
-663508
128061
471662
430357
859834
556231
-719457
446799
475622
866090
-102124
-162033
19264
-138172
391556
-550248
96753
489863
-41813
791639
574663
-960348
360180
-445194
388953
77455
639165
184495
-301663
801092
740915
123309
441421
440763
399132
863535
221905
-888724
668509
-367126
-937923
828700
-527976
-36073
-240024
473892
-91729
-170810
373454
-826868
-269793
783481
-397780
-407018
384900
172040
143086
494329
818156
482381
626899
742419
-74398
-53154
-14247
-298793
-748536
75999
573562
-602575
624843
631611
606515
-620250
571151
-447004
-791313
454305
-400349
734207
-199707
421265
-813625
480028
124848
-709579
527483
202715
156386
-476307
-206217
804630
-544693
462563
-59454
12492
656589
-782817
92211
-187442
183911
69977
635356
847055
161105
259096
-401807
827412
236671
-345279
404372
294760
-973509
-369768
-856789
-988268
-533035
890669
-681439
-846956
-689733
-330064
-920118
409473
936240
-880726
546486
703998
-678506
110866
703153
681591
-331699
-166630
819967
-697123
344388
502734
467203
434577
437390
-742427
-831738
-940499
443651
-527092
667567
-865355
337794
141259
970227
-879230
-285815
-45274
179358
894692
565349
-240976
707643
62684
738896
-516087
-28640
160041
-626940
278141
600877
-474177
-692668
-338357
-632460
-163817
499370
-580717
-379147
-643109
704912
-480027
245893
201984
-754074
172912
-965536
-614979
-409239
411292
-988895
-195692
-709087
-193879
-192300
102279
638412
556215
102936
949043
391180
985136
18223
939044
242446
-295432
120903
-289286
-647838
-16998
-272847
-378903
57839
-411130
-205392
-766739
37660
-428398
864076
-253992
-609241
402500
-766268
-250553
794399
181889
-363610
323382
14614
-649574
-867055
286504
657295
-770990
928356
494885
-219297
145885
122502
614180
-291187
-103221
-694359
-382809
-664113
160411
-629820
983448
-25683
-612137
843780
227905
78307
-884320
-805987
698809
-231604
381518
420518
52659
-404196
836365
-145194
-563023
-34336
223289
-733702
373649
-30412
297428
45690
-360539
514284
388115
-600765
180152
303730
-664276
662718
-401558
-506257
-826060
995593
781326
-869180
-645494
416800
149730
-972506
109475
195617
-440530
-338291
-362814
538489
358377
823833
304084
873855
-240234
-221688
-678224
-479382
413253
-112622
-387942
31791
926818
389874
-926473
-534379
-228580
632154
937907
975821
-753607
528558
663747
-205295
-551382
273307
562207
-745241
-954921
-465278
19127
-340289
166101
-629957
-368676
-189714
-811627
-293737
994421
950474
-596545
-13265
-637027
520443
846694
-78292
-74087
200887
325653
909736
999617
-950505
-125379
279185
-115699
-379893
601589
-790313
-504349
730621
340951
496595
-320953
255486
-410737
-173402
512040
835295
-467440
-453952
-829527
-624660
-858740
189104
-882916
-102706
228505
-52590
-66762
-21182
-898527
-318144
-418501
670530
360184
836126
-612176
12301
790585
559953
-385665
-663052
-685385
577226
390613
-65490
-137958
-141049
-624613
-247043
176414
-62006
469520
893331
-533383
952854
-497036
-623494
565365
683599
465056
-429605
525844
-304722
851245
97640
-72778
543064
-690118
-556919
79904
104655
-803476
-886035
38550
586850
544200
-582978
905215
-389043
572414
754592
-97854
-24227
-334602
-429988
529508
494313
997941
-871027
-360275
-470056
-589102
-998713
410139
-27211
-825544
-801075
-340645
645776
-875672
-769354
10116
-605812
292113
-582878
-570144
-129038
23627
966541
-974014
-653118
311133
-466799
-880367
-726204
-194967
71570
489474
974638
-303065
391609
831152
885444
-596532
-412640
852023
-731159
-639363
-278358
-244712
-446438
-404546
341438
37642
507392
-789608
683662
-250451
734663
-711264
572627
455400
67870
648873
-321480
786820
-383710
50924
-478528
904434
-10099
-686548
-865508
-682131
310326
706694
581190
315542
-198886
-899435
76643
-675159
-268965
-349199
-982458
-789129
417333
-367987
-471843
-36524
167566
701851
-535048
851753
243580
494719
216876
432705
860179
-337243
643821
-560609
291983
392079
81962
-350009
237187
-600694
374243
642460
-975870
429762
497657
-240570
807447
996325
-869835
934974
412520
-721290
-407942
-540584
919476
-392262
708429
874052
-920384
836051
43751
-627199
501781
348776
238412
834668
-536953
135715
159551
-658649
-772811
496636
-276750
-853733
168093
-453638
109279
15313
-589798
918945
-706623
277978
881111
-487589
-613536
633511
-896041
516017
651268
596514
713773
-831901
-522842
-309420
-555055
-931177
-747046
652268
367986
851072
-141330
-730690
667973
807904
19292
814435
507400
889408
219511
107185
355236
-560622
-351517
566707
-422236
-436181
-861010
265777
120559
82471
-511165
163911
-372329
565772
514978
-904434
164927
-336127
274494
549544
-789822
-657276
-844371
841684
-647771
-487472
833833
-498657
667407
-804376
153483
39067
849182
97213
-272074
543723
531531
-622252
931887
317731
48402
126920
-529336
-89190
823221
51419
-503494
885952
-41285
-580893
459344
-292425
-712750
476325
492168
276672
-622519
358240
860591
8434
140000
341865
-398751
-184909
473736
-672150
-764239
151576
-207509
435935
-69190
-862609
-327267
-564242
-760067
248771
999748
257931
561295
328817
70228
259717
-29361
-262476
-863537
-438212
-961487
279857
729173
-171879
182740
124715
399653
586819
739837
-657732
-856191
-759710
40056
-8391
-254281
-329802
120346
162235
644266
976026
408129
388018
-833505
687889
-794015
726454
586247
-741176
394229
71149
-580368
806919
682855
501771
961432
248085
662676
-382624
481995
-41354
228427
-45374
229640
-527739
-19973
-121259
407605
-626976
-228367
691215
-501591
-250388
-126925
263486
219633
-953313
747669
837740
-991054
493836
-201110
73171
950716
535730
-530497
864894
908816
4033
-554901
-869773
-290634
-464283
810552
-91751
-409351
-381931
385050
549583
928182
158625
26592
-2615
61673
-408175
-980711
225411
-147982
885603
881623
526838
103975
759769
627538
-815537
826047
-337092
-394863
-502731
244408
-425824
529712
-436953
74486
536165
-329196
149052
370292
922548
-842860
-337632
6925
443273
-237020
-857635
-262316
-406558
-254325
-753887
-236931
23391
-39546
-278029
445303
836884
423619
-620711
-429792
-418869
-347377
-695403
-347695
-550793
-551550
605299
306574
-444021
997143
491302
951836
778325
656463
-765165
-270014
324475
-470910
-903237
543052
876624
-108980
947400
32354
-186868
-44702
-365377
-362313
159261
301372
467764
328629
399987
992760
-47057
-675556
-191163
-704013
582480
606426
958798
-862643
-87240
-503588
-531210
-846776
-56047
72309
-265557
527061
20396
-114172
-724922
-67474
278279
100962
-946058
-886744
531454
123688
-215205
373544
-225202
-949070
-397601
-366664
355491
-712478
-995025
-20741
339084
681991