7160
-7439
9848
-7951
-3803
-89
-3329
-4158
3798
4230
2675
-8686
-5210
4540
4096
9824
4121
6169
7746
491
-1601
8740
-668
8659
6116
3781
7912
-2823
-8797
-8256
897
3840
3569
4746
-9087
-415
-8902
-2326
-2765
-5551
-7497
6829
-1198
9349
6184
-6198
5038
-8286
351
972
6950
4834
4033
6233
2706
8107
-761
2985
3818
-5310
1837
4193
-5863
-1280
7826
-9882
-4065
3196
9597
-3971
9778
5289
-4445
-9182
681
1643
7299
211
5418
-8332
-7429
7375
-8113
3952
5990
-3368
1683
-6401
-2316
1181
1397
-830
-7169
4010
-8699
-9887
3568
5458
1268
4150
-9962
9021
-3211
-5159
-8147
-4244
-1127
5285
-3052
2464
3650
-3550
-6446
-1373
-5170
-4524
-4154
2026
1114
-7817
-6155
-4683
6289
7910
-6761
-3506
3548
8477
-4541
9012
-4385
-6544
4929
-8504
4654
1020
-2983
-1916
7508
-1283
-1007
2516
7404
-1900
-7797
-4916
-7309
-4690
6587
-2089
-6420
-5309
-7471
2129
1515
-8654
-362
-264
5401
-5582
-8158
5797
-67
-4127
-311
890
1209
-5150
1075
862
-2655
-947
-912
6307
3869
9986
7632
-1486
-3959
9305
-1630
-489
9703
-1867
-6917
6624
-8579
-7854
-5194
-8041
-4520
7674
-7436
6110
1614
180
-7070
-2405
9810
8804
2712
9938
5739
-6805
-419
-7751
-9775
1458
-7741
-9045
-9198
-8241
-746
4384
4032
-7255
-9284
-1351
-4959
-1693
-8314
-7752
6427
-101
6370
3146
-8371
-8207
-8987
5359
3965
-52
-2087
-9817
600
-4402
496
4741
4553
4058
3152
2677
-5241
851
-9445
1109
9985
1082
-7955
-8400
-9976
8259
4178
-7820
-9729
-7823
-8761
2911
842
4518
4495
-5492
-3640
-2195
2468
5878
-9423
-3632
6653
-1666
-6902
9948
-8455
4226
5384
-5088
-3082
-7728
1765
6475
-8394
-4972
6681
-3834
-8496
4700
-9748
6186
-9485
-7758
-4621
-6510
-1523
9533
7069
1551
-9419
-2488
-5527
2629
9510
7567
-6695
2091
-7411
8650
-3228
9934
-2332
-6031
5529
-9310
-9906
6466
-7022
2147
3404
8154
3308
5893
8941
7278
-1005
2617
-9353
-8812
-15
-7357
1168
5523
7943
-4709
3205
-1594
-3483
6476
2143
-6092
-4982
7600
2873
8126
-2968
7119
445
7621
-4351
4672
8173
1773
1948
-4902
3900
6731
-3363
5307
3389
7277
-6769
-8637
-9698
767
-347
1213
6593
-4688
-3234
-6994
6514
-44
1879
2332
3126
7840
8457
-9513
2001
8840
-7639
8906
1271
-7558
-4477
-2731
-5141
414
-9859
-7716
2582
1032
1604
2560
5803
2193
84
-8816
5017
-3691
8602
-8963
-6506
3317
-6583
-8682
8483
213
-2873
721
7341
-4317
-4814
7552
-6444
-5082
-4437
7084
1806
-1170
-2049
3647
-866
-1944
-180
-4889
-1749
-6683
-2272
5142
6519
-7270
976
-6971
-7026
8708
3779
-2210
7605
4103
9538
5104
-9156
2871
-3956
4396
-6285
-1427
-9385
1939
-4664
3708
-5723
-6682
-1098
-5354
9153
-4160
0
5586
6660
9357
7380
4565
7065
3503
8434
2937
3606
-1811
-4180
6484
-875
2053
-8751
3105
5827
4206
4721
-9276
5322
8816
-6324
8970
552
6728
-6964
6439
-8197
-1941
-3619
-1915
5347
-436
9420
-3130
-8852
-4425
7628
-6097
4310
8706