-115904
-741018
-512725
552654
-586791
243741
915062
-93730
940725
-764671
-90607
489511
-263553
-654991
647536
408660
-205252
119094
234420
-168875
-571254
-130941
798974
640709
866644
563055
835767
-922825
819534
395816
-724899
747968
531785
-489778
-127399
-480269
891175
265988
274068
343575
-478814
-376908
164778
950178
811412
898273
879521
-76488
-128105
-22523
-240290
-602449
-41676
-607227
-539449
-106419
526170
-108945
-115442
-423722
569114
-506096
151645
280331
494597
619759
-831672
-342993
172983
-153676
911804
957514
-17561
-673407
-234634
204558
-670895
707527
992307
-585714
-141754
66725
-214727
-232883
410492
-984668
672586
-173792
-329126
542211
936839
777571
468791
-581779
-894868
208307
81450
668220
-556982
805731
766203
426408
312384
-867608
-448505
21350
-163518
608659
-781566
783536
-930940
308312
-868976
254183
-425343
-823270
-460311
261472
144806
642772
-595066
-752911
230373
-634077
57103
-257296
-748611
-433226
-731475
-510610
-451480
-13141
414596
314726
692628
-213886
565075
208433
-650048
502697
324780
-604593
-900207
-973903
162980
-721505
-857256
-979679
-746808
25959
397293
798808
581472
30476
-166465
-858634
576797
556707
-54923
561370
383721
632183
115368
-539540
-864067
28992
-202540
-353860
374964
230319
547569
-442522
387224
285638
417897
786476
-131388
-818062
-70110
-69257
960711
679229
-456968
-521713
311452
88374
-279573
589679
-976153
817848
435656
-570932
280598
-806449
-633828
-653291
178183
-823776
245125
89021
798359
46206
-663145
-629988
795372
838711
-806656
-740605
832406
-100526
610703
248695
-906669
517072
509473
-705447
399890
963852
671073
-155356
865649
442200
-730423
741200
-226402
-771000
148811
-696713
-341833
756712
-434609
-647649
915278
-44167
358000
-968695
588178
213047
857887
-423345
741887
779722
-668560
518949
538631
-42839
737448
557324
-259064
-849787
-542566
-917827
-705324
-215522
-829508
308747
980218
-285230
547654
685337
371107
337062
-843917
-50237
91242
919340
23582
-488251
70683
549710
-669076
-486219
-126353
-143027
-238784
99156
204575
-783230
969159
-431626
438115
-930925
-753403
289069
-260518
-457879
984095
-57307
844427
710240
-591945
711593
-216581
-751709
-234705
-994890
-693408
523262
-528991
-61
-33867
-818740
-598151
-350091
-464353
572216
-248955
-868302
-900250
-201388
242096
-90652
-289509
919150
-901999
96921
-857412
286443
42024
727213
-489943
134361
316097
256275
220523
861025
140428
-377421
-916649
-186434
921171
-863997
679236
-997080
-545459
205624
-414985
-788068
-998457
277613
-66995
-357179
123962
387160
960520
377617
273972
-750509
720270
-218393
-798730
-53504
-955520
652265
-373091
-647164
-278316
985882
143980
58090
706783
398815
-352603
743712
-976748
-74983
637666
853895
-623166
426002
-825698
-12850
421050
-45659
59702
-713245
-716781
-79014
-946879
715273
-74071
-596614
-80553
451198
-921784
80934
-298520
-282444
-880457
647520
-324935
454393
-140347
-407746
-573071
88488
102037
-885808
901252
-436431
59625
56870
-626445
633271
120456
665481
-65922
-534405
-692308
-361768
-617649
330155
-630458
210273
334869
413811
-467643
-166613
-642370
-828341
20882
487477
-424739
390631
-984555
-123939
513167
-641932
-331303
521893
354331
934610
843746
-615945
-643550
-833863
-675529
-313821
-186227
783997
830952
607865
203813
-684753
737466
-389817
-747696
-664205
760178
-791778
794105
-930086
-854040
-906233
-512546
-507532
367778
-940098
-655331
-985442
-324691
-634716
250824
-719228
427616
-277466
-489000
121479
-247323
678893
308245
615714
-153319
-733998
-844147
947884
-400467
-942483
493370
-63499
937555
389819
60219
-398311
776270
849149
-64793
51359
-798328
719444
-895981
564351
-131024
94029
917296
-360933
-157434
-218349
821695
-614596
172673
227341
-901351
229517
25505
297125
186904
-886715
-955531
740241
988631
792131
524270
898263
-966126
533845
-460148
91148
53274
-7620
-612185
718877
-63196
-220814
887247
-883634
-423755
-817330
624218
-995921
-434194
-599185
848452
279937
-513897
-311260
-308510
-921264
982909
-901562
-528197
918141
-690363
-779854
713686
-137777
408165
288846
826387
402059
-216906
10554
-297087
187247
-956889
-377758
-820097
-752224
764367
-123916
-328429
-824341
864558
-86215
-120413
676042
-534706
-805247
46583
-447780
363297
-681512
-692899
-870591
-266800
-534786
408775
691818
-497273
892464
355951
529091
-868936
-947259
-846513
766154
129940
341198
787185
-280806
-184001
109432
851774
-383301
758186
525920
298261
326993
443541
-995232
839878
553244
-944844
-929373
-302792
828288
816153
781901
-989264
-95196
-873274
-983571
-119406
491109
896638
14909
508000
237656
486611
-969639
483411
-779122
54486
162194
876731
-503319
734355
-127360
-299999
755692
530297
674362
-114450
-287221
83972
-53270
-323700
-889438
-215348
-669362
-213607
-33545
547760
250172
178078
-449589
266023
797008
19375
371400
-975101
253550
-407411
-737883
-665814
869165
694517
761396
84716
433299
-941291
139884
799320
-99764
735490
-462439
-862085
714344
-371062
203901
915160
754749
119495
580635
540394
-476440
-942163
573332
-556057
948077
-628800
-802490
588446
212113
-103539
-882217
-789256
147805
-326687
-305297
-281818
-734355
5794
-362053
718088
689779
-425587
720565
-165542
-329740
69072
128590
43055
668616
163715
958476
157194
753753
-320895
649193
738514
-791426
725230
-761618
65289
-483765
463775
-703609
672321
700806
-339697
327699
-9116
-115482
528540
285461
-606718
515691
-802572
-338434
783736
-386701
380121
570330
-426906
-494931
458798
-460082
50525
-496687
508719
7977
-481142
-940985
863479
223332
-660356
-377056
-271201
-939424
150566
-883967
597050
-467931
819681
443997
-560252
891378
237947
564685
394278
-218817
-179495
-34045
-339250
-657774
499673
250931
-673187
-571248
-493540
493477
-138495
836078
-800457
-233401
78321
626445
-329266
25394
-593643
772898
640889
327229
441224
-302955
-685811
278708
-827788
197627
841220
467950
-637873
-15984
-505574
-800020
-799367
719629
-496567
-855490
930600
517668
-259544
-107034
-484294
187996
-846159
-357206
592555
406732
160798
836908
-946099
-82687
-96101
950257
72542
-851643
127101
-806215
16315
-639741
955240
92144
-750368
-468861
752559
212174
-926160
-246878
-383811
218152
-701892
508721
-405513
96300
-567898
80964
655725
-594304
326711
705011
-778357
214998
-697720
567630
-733553
-345149
-598393
-986536
755082
369889
408146
106748
764075
139229
286026
556696
439
45912
233123
-350779
60041
164216
-779012
626780
17110
-121692
-138153
499553
64958
694415
747528
747051
-305516
776031
-997876
-887061
979904
-122297
-436047
-107417
-519914
-814283
-115869
610299
742637
330872
-43225
481960
800656
776701
467843
287056
136415
-368336
322484
4071
-501735
-240635
-6894
702379
494848
-219465
-712464
120716
-194062
-931749
436805
-263691
631014
-567337
-356093
526493
240785
-198520
674085
432980
-91022
-794205
-450435
-581824
35887
-398403
972475
-845978
324126
405172
-821252
529957
-394071
141510
-707927
-551097
-650292
-111337
-390085
545912
523826
6370
398304
777765
878398
-962998
77501
491976
632508
173237
-34937
220572
487286
410900
912782
490275
328096
-783599
474404
-832733
477958
-860641
-83463
146368
-272991
-530719
715402
-683280
233276
872488
-804670
585432
-439789
-18413
888400
-238204
-88054
205115
-354112
85811
-523741
591014
729546
-123771
-671672
658728
-653760
-646941
-199067
-759341
140128
42230
-359476
-719507
523567
-291589
-302762
788817
519473
287195
6606
-696682
154910
597719
826544
-517685
16117
-920459
-270884
-713941
-10691
42018
-387599
485754
-357267
993453
271932
918529
-812134
66494
-481401
526007
-492933
889314
-862952
-353599
-662981
-66543
999323
84827
-381645
-504370
-961865
-193190
8175
977236
-957300
530846
568146
-210843
890717
326427
-209111
-581311
-287992
743829
-105043
336093
455818
940277
569537
515517
-793760
-523532
-25394
726350
241539
-202439
644940
753879
-701843
252352
-21298
810131
-427587
296464
-48943
222406
482522
489016
-576445
294869
521550
-266142
-424365
-98481
371668
819758
-455617
164825
-45994
84953
716550
-353744
-699629
-845333
-463854
-500312
-337590
233345
295015
417454
531026
-672411
902684
166417
432320
285800
485735
422691
220100
-462527
755174
-404778
184729
664750
130719
546087
-111795
284134
-384906
743969
-841100
-744145
-460250
-17864
-701690
223748
407728
375616
-564474
77251
988373
-263988
896996
883792
143727
-971675
-639602
191116
693615
465480
665513
-37841
725551
-339402
106855
-948511
189996
-960096
-390513
441564
580754
-656664
-146428
849895
-618367
-258604
643501
191204
-279658
619389
460105
154417
-57172
322335
-894942
606657
200158
23696
977721
258735
377046
113182
-639836
-938232
595407
461089
-603998
-19732
-593944
178405
-328143
247924
-648240
-539666
567546
-336277
647990
743064
-106193
-919746
868473
-764810
-370893
618745
-961608
-209413
-485292
404478
-53945
94907
-98671
-463707
-640818
-674856
-270157
-387353
17928
-363113
-388306
953330
955702
-556975
-161878
-24369
749449
309314
-403094
-505141
-535391
666475
-983806
-119204
-175512
981153
630942
-257605
361266
-430515
-661821
268093
-122591
-492551
-407117
-33654
-996818
729841
-15868
762930
-112613
512799
-456221
-539290
-586652
-471025
88354
378525
790164
54121
394375
-94083
48420
113658
778711
806565
56887
536497
377830
-721380
545
794946
865258
464918
572175
243555
561929
-123574
-625828
374023
-903940
126651
61489
-661189
-586203
-404815
107160
-700610
127406
-185206
712486
43485
305465
502683
547087
555005
159637
-579102
-859176
-125027
905580
-895732
-956092
755329
-830125
-553487
-791448
867273
398290
225848
852389
993391
808309
899727
194218
-13225
-667832
251799
905476
761410
244246
-257630
618570
281151
-276338
-886694
-214621
449961
283156
-945747
365380
869965
-418520
-770593
488934
944653
541211
-802425
-441417
-785699
-873553
-431737
-876639
601595
-233438
-815400
799853
801429
453143
688366
-203500
930379
-319719
-222505
-18150
78742
-436090
715569
-332387
791046
666184
547520
-348529
636372
582086
-203993
-732966
342452
-652228
205783
147093
-990518
-567603
185147
-563707
-436957
575525
-946072
-559793
548156
878290
-293989
110239
-460845
409245
544636
-797488
391879
-841106
-270425
-841512
841575
-967107
-959869
97533
-503264
256823
-896990
-899139
68942
-72158
-505485
-109909
-920407
307607
641962
-289758
-392043
-906622
-172606
749928
-609861
-973103
756648
-890095
-833467
179328
963850
-397646
411207
500885
-112167
524046
163739
-73974
-335898
-321917
305092
-446075
113320
711977
-210182
115104
773167
782991
-393803
760140
986611
520114
943178
-983963
751938
-351863
166392
531578
198977
-899101
310329
-431448
638978
-331626
293112
249962
-769654
384905
-295165
383664
-124362
-326390
586363
837791
245490
-333285
618734
-316261
76822
562830
-136061
-21491
904794
782675
2173
6166
-568453
-666842
-614347
-408760
-740052
944236
541741
520597
435435
908861
778569
499131
628979
-87035
-459414
-844013
874621
-860324
-729495
634961
-688335
-412523
976127
-871973
473080
-475563
-771830
-414950
868052
714018
764351
235179
-937924
-918578
-527473
39750
391826
69857
272748
-292240
-504535
-848478
-792852
921411
-244555
537037
-540125
616467
254455
-597363
-988739
-41690
730433
460123
-901629
-234866
-445343
-440871
731597
-644206
-481038
-840366
-306064
550334
639910
-129041
199135
341797
195835
-126639
166556
-701882
-560523
-308825
-733622
-765585
-393384
-678013
699196
647399
74097
371410
-160485
211227
-464822
-935895
450492
-67219
-739003
-797727
832481
664557
-794674
4112
421226
-634013
-405724
218646
411335
182452
-427843
-25304
-456401
31716
-351626
46919
-419419
54420
-978995
-503763
730661
-775049
-326501
-997119
-545914
-689938
369658
43711
-102992
-428910
-659181
-43268
-828896
-102925
-380639
-542119
-157678
714850
809889
-471527
692564
-553616
911581
293075
-680103
580606
316515
971524
-262125
-625494
147082
910114
-101478
450770
199978
90191
58530
597319
-806651
-763338
993446
784557
3176
195619
-9179
26545
731141
97509
-737998
-332898
-864826
-303806
-183700
-732821
466213
-54744
-6956
890460
399567
360775
233047
-280389
942743
718735
688898
214901
441260
589233
-943028
-922558
-896398
786788
-920368
-427848
144795
-345022
-955406
310143
338538
-159005
-356446
423060
655439
768230
-806274
-268414
834104
175829
495923
-670211
-785664
-547605
32725
-248828
-950029
571033
643170
-619651
-646133
-687497
503790
802462
-582897
-360549
-326504
-705788
487484
77262
-922947
139470
-74028
954515
984802
745979
-304639
-913727
-248972
-47300
184008
-960485
848082
-661278
-706498
-314364
-717929
591966
-667500
394754
-330060
-731221
-353706
150008
-519252
212783
461011
-227881
508113
-994470
412665
-388228
755957
158887
854584
-30833
-749830
991390
-43112
182613
253065
887722
566120
389152
579471
-403151
229683
-824524
221749
930415
15255
227869
777114
-845857
535088
-584289
-916980
-458
-451749
392861
507856
-766249
-759819
-355798
-567053
706121
-902852
459677
-61613
-626716
31862
-765610
442292
418777
-358490
-689260
469942
-281206
-962960
-519055
92251
370057
-893556
-558681
716896
658229
161400
-329546
-87828
-156093
-606815
-429073
307203
276101
-805119
11872
-863290
4485
-273878
-67116
-315394
-151103
125416
-397173
-904295
-390120
-930766
-570937
591796
-269142
-806830
-489435
153127
423954
476147
695608
-867456
-132666
167264
878806
98691
765749
-300329
-417290
139967
7242
50295
466352
-628721
733150
598457
-951101
-720718
969856
449139
-995903
-749487
69249
998549
473159
251334
-222613
693120
-286627
-975533
-246741
883726
508397
225595
871504
942845
-46436
-456486
954423
-973633
907964
122161
-946362
871401
740544
149559
-262812
462400
-384055
546123
594695
464093
-510228
-415565
-448698
-677068
-669948
-706895
-533025
-508283
465321
101849
-496264
-768960
-98832
-841112
525790
-261392
228375
934845
639565
-435811
802627
326248
-306787
-896954
446985
750865
-285545
-472688
956024
-199635
452234
616360
943688
478363
-755327
876152
-138921
756025
314063
-526971
-749440
785663
952137
-200543
141023
-185404
824474
-869797
708730
-382310
903589
-741024
-952750
-6454
-118403
74642
858943
743744
506587
933619
-677547
207020
-327808
-111652
793364
590400
-249758
828713
-585944
678639
-436663
234438
-791631
-260685
-383398
667891
869688
795757
58124
451650
-42416
-131717
293503
-349952
21073
-599326
994854
-9919
839176
94777
902966
-755903
-644483
466736
-72041
-448876
-167965
488726
-350570
866569
267365
-419751
-435297
921642
114815
-639572
397236
879201
877969
122560
192091
921198
466970
-833999
-486534
885217
-849256
-750754
224431
-356328
232203
831549
-6452
-64986
986073
-951384
-997767
624544
78856
-156677
42224
696527
-238018
-838829
718927
756579
-644214
940345
-984871
-58339
306385
-712122
-361880
175142
10516
379412
-155828
-71720
346456
-59702
-355199
-489151
853102
474902
89477
-257519
502972
-661499
-353254
-563337
596962
875472
-930422
85997
-88027
29493
660940
-37772
195300
545392
-383216
-109885
-328307
-993524
248387
618435
-172283
359963
251120
-506284
433121
484026
-827618
570478
666769
-12797
239037
-61724
-974336
-833730
-90810
-804964
-908584
34711
17029
196241
-945121
552877
849969
390691
440370
-561987
-712021
798374
-866152
972141
-491942
902128
-504981
-223098
-805347
121162
-861895
620369
241132
989297
-541824
-713920
-291415
632623
119240
503608
-493985
-990318
-275458
-758473
-718532
370090
-758804
-171143
753551
-49782
-453676
-532138
442058
566288
664212
958664
134248
824376
838491
345680
474704
756004
-94594
895531
976305
-88736
-509625
-604221
718089
509752
992148
485438
94536
943467
-260058
-271000
340564
-610746
-877069
-775285
401662
685105
-3529
682991
607479
-39361
-79478
-41800
-331332
754540
587992
163084
-594537
-813892
804859
191241
408838
605611
586866
-894655
375918
257711
46529
-894261
241933
-186315
542753
365255
984086
150021
-319526
526786
523493
-449435
159415
-685735
368010
935419
742455
-663075
-507915
295495
701086
99911
-940442
578834
-636073
-807421
175539
951654
-637630
-130753
266361
751776
561611
763563
332320
23325
463575
-641962
826363
743372
-870868
612218
-577139
555388
15396
-478290
281569
-537639
-496530
-785789
-995737
767911
-981173
556944
-969594
-861221
396030
-665140
829408
658249
-991163
-453657
-9558
133655
591769
-716932
-341894
934969
-775055
666978
954628
235991
-891038
-976558
-953959
-983697
-116338
-995168
-526206
348206
-994138
226148
315016
913879
290907
-845345
178793
454903
37
-427667
439029
470293
229180
-496483
-902782
-391606
-682355
-523818
741336
141454
-416934
66053
-75762
-778482
-734752
-33935
-930260
-795695
139303
473757
-357965
457291
155900
-575714
321448
657904
496329
-677510
-404614
942354
-789691
-731471
374051
660224
633344
-526589
-379325
39368
192484
959092
-701619
-426004
566414
893752
871086
-928685
-849543
-959075
598880
-665540
-535196
820294
-891271
-700982
-625308
111044
-264438
-492766
10299
-630750
807765
615061
-976101
-865389
188371
-413784
726944
-951571
-137821
-411139
432455
-172132
833298
904552
-224245
-793868
248869
865141
535642
624685
642965
-441711
391604
35876
-387302
-765364
208476
77272
556098
-482896
-772609
30647
-803383
653056
686111
429653
-914880
-566624
92585
-676577
-533430
108338
631709
107713
-233282
861534
-985857
-3451
240524
-746606
-418146
962956
-512607
-628137
-443514
401159
-647391
224594
209348
-372566
-606074
880417
-854688
662918
-772766
905455
545802
-258310
794846
1172
-570871
119800
200055
-972509
-496199
-37243
-389381
683192
179861
-181624
146654
-473659
587880
663689
425276
-865094
-254664
-599064
46681
-430247
744896
458742
329598
911733
710758
297534
-367046
-566277
362870
22760
331514
-886439
-985522
365
-506290
552763
-28383
-901950
955919
-29797
-883847
572909
104198
-72462
-66015
-402482
635363
-484457
733493
-713325
-778158
405303
-845861
-97310
951152
881759
310827
-358541
-456476
459892
139326
-761839
253372
-388396
-8152
-909293
129333
-243882
380996
-469300
-14947
731696
-32183
-623780
906420
-752340
-725603
-10924
-377484
381655
-238305
572192
174587
-718986
-218115
-137577
-67266
-349623
-381341
-770241
443751
288547
514443
814851
-741079
18964
-983601
334793
439878
617986
20791
-826896
-237405
778160
708080
-879013
386141
976521
-446924
-519143
-773555
964262
-531315
248061
-779805
-728380
-143600
477592
-426189
255143
-239837
254266
-579612
850339
-221127
744213
65987
-470693
-523385
-272818
821481
-670529
-55922
86645
-333746
314170
272285
-754033
-849794
-491930
-176748
-416221
298481
-368278
912751
-928582
331764
972295
625100
208701
-480645
57738
441978
-54820
351914
-537564
-283249
349673
797671
364457
-545541
-211106
380630
723602
7793
844714
-451760
777646
207086
-613283
-491602
-991480
502202
158497
44310
703597
502787
-108231
773222
422781
-131605
250880
712221
-557548
599601
-260252
8278
-233744
179466
-36804
211818
-319204
-980559
-81992
-532155
101013
-357013
-946617
115688
376064
699475
731688
-840000
47182
692244
-198061
528523
-946034
-45087
-26027
527343
314175
713401
476122
938517
-805021
390783
-69162
-445620
-462437
-991775
269753
-579845
-497905
-946866
764576
450028
-95698
-767273
-489830
-344329
809105
-505199
163502
890288
600388
967917
994224
-80777
933817
-55572
-207510
-113749
452823
978911
347477
-859566
261067
549447
-47354
305855
928871
-687803
-471620
219977
764711
748067
358598
-216764
-780472
-903588
-105594
-873336
-294911
-608390
62549
476591
676324
422755
131178
177434
-32587
-405151
315991
825204
766245
236815
732411
-700117
377773
706068
438833
489402
-415598
100531
-936330
-884966
-579681
-606209
432213
-925811
179259
-122487
-865660
-570609
-567250
-774085
-974734
469976
-25957
-460086
832267
-73281
54135
310045
621489
-144298
660501
-654886
784639
471885
448423
402768
210762
363157
889774
964990
791966
31178
-929220
-188514
-500148
-123231
-592194
98827
-473140
239321
381621
453479
-307948
-695905
-177042
643531
120397
959496
-754323
-683571
900099
-314088
919423
-3584
-634672
554879
882276
-125681
473272
-590137
-88496
-997771
10938
-414822
-938309
387955
-997681
-397166
-297525
674817
490909
-403564
502996
-582330
683235
-634085
-924740
-818997
344070
328202
933468
645186
-575459
-722349
-469607
627051
480873
-908904
-420638
-584446
-437274
548333
-776167
-288046
-937505
900901
134371
131643
230072
-647502
-240958
323773
-158684
909674
559089
592718
371119
57475
928198
208488
496815
397037
-664347
830704
522993
-750961
303995
102348
718810
539819
91390
826541
954475
320454
318426
-464419
790833
-604202
623017
-490761
-510364
-609006
735480
-290547
3193
749361
-987188
-306014
755582
759962
752924
-470540
-834548
-598134
101863
-872281
-421865
-824028
501039
233936
-128246
208918
164013
353842
968100
-392379
6769
-450355
716116
-571731
755261
538668
609416
-408435
489663
-126725
460013
-816170
-610920
22263
893632
42637
667625
-263292
-65800
490194
93935
-88887
529494
-940171
47137
688163
918937
644737
508013
826125
-461996
-647329
616684
656787
-651984
-441861
478616
766993
-949603
140867
-124207
499045
899089
665399
-935467
433462
-244142
842462
149828
-419005
-774915
279378
-186743
19331
250177
927821
10791
-969687
-647755
207690
-878649
979163
-970532
-361871
851664
176297
-35272
484344
219551
-777930
-143439
-596237
978683
-738297
-781741
-864358
357874
711618
-767725
-891108
-501800
612627
-764373
601048
-128153
-401338
647417
269127
862100
756340
-348507
-504235
507546
-335672
-621041
786153
-99359
-943494
147508
-699085
601720
2258
-55813
-667014
-261746
153578
188822
-740038
-918348
-477636
-374058
969724
-155601
-586350
-307538
877206
663719
885165
670203
140457
187460
-896672
623714
162724
-14055
-548663
135829
-732577
699606
-946191
-213713
-676736
-596326
8953
-130167
122128
-487751
586600
82768
831881
739583
-180419
762190
-244606
-708771
-381178
25404
-513191
-357612
-878401
649814
-10074
-814627
-611845
-748377
-317993
-132212
-320179
-3629
256979
873140
584402
54161
898819
-746740
902471
152172
-327709
-268239
572560
105587
225219
-134744
406207
-237805
-607303
184188
321583
-563212
-413804
-56287
-186208
-950033
276439
-642677
-273476
-989584
-765590
15680
-432298
70904
-629577
683766
-712681
874141
747996
294427
481263
-821714
-189398
-54760
-752994
309193
212730
736268
-261422
-523796
588162
-553661
697818
416837
-499551
-221612
845924
-320154
80022
807758
-528845
-938385
853081
-253512
-912297
876726
135762
-849577
492611
820110
136129
-929908
-386281
195069
-727119
-91568
718705
-821115
-386414
-942427
781499
-459891
112502
-496224
-55916
910786
983043
179415
29894
-406710
-186556
-147179
-138574
-3071
490393
-26028
636697
-943849
-200974
-144676
819055
-74873
-778289
618490
169813
578544
-644153
-534736
438474
289992
-697924
569774
-631525
491423
552871
591328
-155066
-606831
500574
360892
-26653
-137437
-512367
-595880
64604
989093
864618
806927
704635
315666
-900687
-190929
881590
-282562
-302641
994906
-668942
-166542
483234
-469256
-102494
140971
-221542
821910
-864167
-273948
256394
-919849
-218554
-363827
-928430
732290
711807
-461331
385636
638806
408635
639193
543286
-697303
-50311
985764
432433
619199
210408
-177064
190963
-663905
-875104
-142375
-299704
-934177
713053
-965075
283742
-308303
-798749
460414
898851
-581356
698334
275427
318012
640006
-960272
369410
26513
514326
457126
570316
236856
47251
475216
619869
-638733
-923463
673820
-652349
181155
-568907
-846547
-842704
439137
885071
-846120
991268
114581
191039
-888174
-795765
-16742
209163
-105646
-576705
945056
292931
-991854
539100
-527722
-295466
572875
-809137
-727083
879175
159364
810822
358232
730816
-706681
848989
955509
130637
-514326
723414
-550432
813412
179152
-294968
-484825
694344
165395
-318121
894891
-615823
-263566
-224553
292816
-398499
-704009
318161
467628
468582
-683155
-163236
-471214
-262143
72498
993826
-517640
-726469
-109814
507306
-44400
-407084
869327
-55464
-685164
-74097
-145211
-963244
754220
-296363
-996601
-104200
-814630
-769848
89766
-208953
960609
-439559
-631470
276710
-125208
115308
-40282
336981
160304
233765
-591121
-80520
507389
377297
987500
-701443
518241
972021
551006
570348
-490118
422663
74022
29958
896095
-527214
-919675
172511
976722
873916
412563
-933575
-34980
744107
-605401
-797648
668465
249577
52575
-193836
-575323
340555
700309
943018
-934207
-259679
-311008
509992
825095
935075
-814801
563075
-311044
966402
855975
-278860
958064
609537
560948
589716
-41501
-212218
-225855
-364412
237343
-525461
17368
110966
-422114
117653
519660
341067
-908950
110810
-882631
500116
-699848
147558
283410
691968
29060
-156607
650407
-257427
-738596
-205883
-481653
-574846
-462348
-849098
959364
273017
896784
-703716
-99566
381680
-875048
836338
-813344
24737
-661733
-960981
665828
-941044
-679123
562748
-139461
252827
-739365
-169738
-424117
440240
-878990
622977
170336
731669
-256871
181626
343591
-999617
972352
220305
-674619
217496
59168
-313580
845268
-609903
328958
863618
-562896
-314177
968802
238224
-652904
863843
585790
-842395
844742
-100857
-442919
429753
547482
890596
888311
23963
123282
-735116
-491526
799657
-136582
837995
-672785
-98539
835865
277847
-18903
-41152
287524
-56838
807623
-65960
-952702
-488152
721969
156936
-830159
350396
-915738
-680558
-529423
-329695
231594
-431296
882181
-17808
906835
-162532
-723
787840
-281539
-932822
471526
-866775
-941345
2578
-495149
-577000
10808
-492633
-320905
-403125
-272028
786636
362411
-865468
-249783
-687689
792870
-620671
-279869
-471344
-966045
-990141
980212
-450315
-407323
-241550
930797
711042
105141
-557780
297153
779991
385959
391852
-981823
-392781
220953
605366
576341
-11423
612391
374579
930994
719575
537479
395017
-32679
832312
829077
-228411
-581360
-548005
-32539
148911
-961534
-408398
-716118
662941
-733221
-203419
222074
-219844
960971
-882118
-706318
615277
-434035
-327679
674127
-86718
-696103
-365467
-476387
-488932
687295
443489
-9633
560253
176392
495869
-29902
-632849
-168523
-612764
781945
151145
-984582
936803
545027
465003
-884087
481941
11807
-354842
231395
-778903
-227896
587962
536951
587407
-788396
732451
-511319
-78504
341311
-763626
-825335
-66892
-79466
633214
161744
804023
-822965
861779
168518
542303
769894
286728
-535361
-312325
-306000
-943082
-37473
-304234
-668503
-693402
517517
342913
58521
627854
-61240
72220
183065
784735
-903657
-984639
-339674
-958670
24716
-463833
201948
-457480
188229
-5865
-330532
-739313
-315572
-789455
277053
-944392
434042
-236220
-609232
591928
-560983
-505582
-725100
-517898
-334514
-581925
454340
661660
-866077
910098
935561
-77712
909005
-547490
-632159
263986
-74161
858086
177704
-933568
298219
120758
603284
948743
-242773
-914221
-531026
-573829
-59299
64831
-60128
874222
922200
439801
896025
-813103
-405821
357978
538810
936247
-137200
495035
-217743
-456760
226943
-891001
392087
-956918
416135
-762118
407930
622563
-12716
-928837
-559333
19850
136617
-83809
789908
284695
-99547
-151219
-412123
-100990
-206145
-154457
-451084
976957
-482597
889781
-269736
-342454
835004
-609639
66006
-174738
-439025
-524092
307896
114609
-921546
-756014
367161
968595
-152670
-951980
503520
345970
-904262
-583354
-88202
452433
424431
833928
-573168
22132
-616261
618198
162562
17003
-819623
-400923
-444204
-172615
26879
597687
789103
-825942
-528351
249807
672685
-150543
-586464
415498
285688
414934
314120
-147976
-301291
668499
296099
-881187
-663467
584610
386913
-878207
420519
479762
-898854
-1240
-886073
-910602
-50224
938747
535641
-871219
436859
371422
-90729
-741007
596374
376996
-472623
275271
28070
568791
917341
464891
392711
-726061
-811909
83841
608780
668657
-103870
-308278
510334
827807
753960
298914
-675440
-119947
-77126
-525610
-501653
155056
-108335
142411
32997
614430
888891
836385
-760568
-221464
892878
681422
490076
-219966
709170
-529497
552373
97707
309989
-181574
-183694
-179525
767388
-321312
164447
-456066
-627063
567822
-75693
47759
-740757
154001
-828819
826425
-660487
516655
-399428
-132637
-197001
-429411
577737
-757820
-779054
-272884
-238694
-917437
753364
-948099
531441
-650133
681684
-445542
-478267
-585821
911957
-207694
722358
119986
-638697
-101490
-225616
788382
304342
360648
836790
881906
626144
-660496
516601
-232004
143599
-153066
-273221
-255530
20129
-802576
279865
361897
-412764
-47303
-770152
-945495
702616
452281
32534
775115
-313290
-235660
-524519
524108
-40632
481976
-195202
-766084
137515
431903
694854
-32177
-70396
716243
13984
-731789
700987
571578
-245720
108591
800799
579055
208408
287327
-691038
-383021
-889600
706197
154885
973839
-289592
526828
-686996
-376731
124697
-702653
-303224
-745178
-142232
-116011
941720
-578022
-667338
-824789
-679038
521485
136779
539640
-960225
-328319
-137264
-969414
-186410
-986840
-550051
438273
568715
-126979
762385
356721
710016
920309
-573014
-183067
-75765
741558
421463
847405
314509
869421
595990
-181025
371092
278758
88412
-254696
-81973
-378679
672009
-999000
951037
768054
81893
-342971
261952
-436871
-363266
-669025
-113318
-332823
-570944
922189
691477
891551
-871708
-427373
-304775
369775
149754
-733176
82045
74599
455250
-201104
-31024
-880328
876360
17650
-103436
164678
815769
260324
102676
490758
397500
58750
-30956
-852779
-383904
-699054
202351
686173
-736688
294145
5484
428241
987049
329994
-32732
-254035
-570523
651535
691733
-425557
43178
-929256
298466
-776743
498421
-586803
261464
-270386
8131
-471753
-299719
470838
-675969
-823566
-417495
92103
156747
-3952
447235
-423456
-483709
598116
-55331
-791934
-613482
294690
-628019
311728
-262021
-901951
770517
-140230
916291
344528
231479
-642142
576097
-459391
705733
-666976
-675157
616527
633543
568257
-995385
-429806
401644
460580
523558
420290
528019
740534
986892
-20560
-635006
698883
98951
-305233
362544
536717
982256
-992616
-30992
-24231
111312
-899420
-953435
-954030
-41135
514248
486071
808431
-682116
147021
-363086
-106543
780347
468345
-893053
-478340
-255777
79213
767196
-149064
449048
411032
718278
741623
-520626
-564953
247640
-968799
-147284
796549
-991063
-184674
968968
-868798
392806
-707766
-813705
917713
905747
867936
-446791
93747
-416008
-588856
733124
874043
961780
-291981
760117
330348
889570
510844
-573776
384520
223739
156531
459698
-421503
676380
-564527
333410
569656
-416992
-383195
594168
-203986
-659016
-477104
-968933
-813708
610187
-36176
728620
-831600
195030
108676
614691
-208134
256221
335576
-322515
-374834
506602
-865578
923460
-45204
668400
105184
162691
-356463
88700
556958
-247237
-437429
-455183
-964006
-383622
486031
-285749
-222472
253603
-671714
-917090
-534392
611170
-38469
939373
-927337
841587
371444
-525938
-513139
-233560
-278697
-177184
172270
85155
-704333
24497
-216570
-715027
-376502
-650431
662730
-506554
-36807
-515176
34125
742611
-340322
-65692
-2947
223226
407719
-429535
-642738
-191984
324129
67932
-409466
470701
-285845
-918668
-513733
582096
117900
-480688
-972363
338232
-515726
341713
472223
115715
-619356
-420539
624601
600996
-85880
-406449
307144
768490
345581
778428
-507830
742486
686936
-662704
85570
-409142
-769624
-613803
-532141
-436279
-727408
-154042
-935207
509448
345080
640749
-999476
584933
-823206
986360
738473
-570395
-969109
-9599
-395590
-5202
-513928
-30435
562790
-264010
524466
461786
258492
-912402
-845361
70644
-857171
-698783
-511464
-232496
929122
-711780
-699291
-300010
-757199
-212899
-509819
-13868
-401862
-713216
448996
-155065
435710
-21255
-273651
-556610
304533
-242230
132943
387098
-304031
646542
-417010
471471
984387
671932
-96631
36633
-836192
328756
840129
-250630
-809513
-120686
-187458
-781228
277948
448591
430058
42182
568187
643437
-118867
-299174
-985775
143365
889690
416297
832815
-597401
-268866
525976
-655305
41555
-779919
-488728
117868
512672
586441
-194918
876845
-480664
360500
364467
640561
-494758
269655
665686
-697736
88676
-628188
-684916
-679314
100418
-33567
-79856
544503
862737
-698754
-231383
411761
780464
-463072
-76640
-809707
959685
46591
-964826
339093
70897
251380
-801283
-833020
-335967
497091
-274915
61540
-100069
-97610
-457679
-74391
-767156
574159
736919
571648
894323
-811874
-240907
337464
-869652
-914004
959973
-312037
182396
754625
308395
-688675
39010
104027
-471221
-359523
-692675
611984
-326455
816633
-852361
935605
-523057
-231953
526235
690012
127506
-627699
765272
318653
525286
979266
-400043
-877773
959494
643981
-696632
-787829
-569072
-629019
231893
319017
380915
214849
-858101
874032
833796
714890
-907205
-905411
-938104
427026
396282
-309809
-616373
848653
629920
415211
-411644
456396
-492881
269891
997536
941862
-905819
-148360
-129140
-885528
-335779
878296
-21851
-90645
895008
-29254
-753146
436867
893151
-670406
-451406
-721221
515385
397282
573759
-638106
-151097
-800938
-24557
453915
-859755
239613
419181
-918649
189471
-737403
-532474
-760634
-530305
-238112
108916
60196
563619
59405
551204
763276
436141
-672517
344162
565121
992865
-572155
169862
-686660
-46794
-918430
802656
784863
975356
217208
731103
935051
633660
-264549
890671
-56606
-613601
-874607
-697047
-316329
-172021
980269
-363946
-436251
38243
-212271
200689
-616703
-676802
-887298
-862282
984438
-188926
754394
-751617
986705
-836703
-190039
-409732
555675
-559395
36229
-98665
-119543
-920909
-61155
-264358
-684795
956758
963255
-741388
51715
180453
239297
-962128
430289
778208
60048
-428894
-749351
-149209
967935
803753
-907441
882409
-497155
356716
-30242
-42736
-521109
-717758
182064
908403
-87612
968393
-885349
-67261
-312836
83214
-847131
-227551
-107904
719332
15662
-949927
985272
-767661
987797
-742899
-181984
127173
957015
-711932
-736490
600172
-695881
-390624
990987
682863
631702
449017
929815
-531201
-762952
96951
673636
176111
78000
-376192
-357887
459290
942460
-362891
-751301
-552353
-245362
287776
202287
700701
223414
-430598
496033
324072
594471
-756280
-326349
-951645
874675
-206305
-125038
619754
70160
14314
168007
767528
736143
-602785
-79687
-738592
-811038
-486648
-257190
459766
813798
-124389
-970399
148273
765496
-814454
-629348
-308346
220835
-282698
-171901
-1594
-238168
792232
-933823
-884779
-849267
527408
750621
181574
-306922
60798
-183823
634096
748496
88548
-666542
-487029
-231131
665372
-488005
779627
780796
408778
394546
-309128
233053
899264
727387
158764
827981
-560641
-688294
-868706
691852
-579724
893322
-266307
-358030
260865
-157533
589332
-620175
-497387
786185
295312
-102570
964079
-916589
-915592
-738429
-326121
-427444
-894303
-252714
-271360
851443
826939
-877399
550280
-67214
426389
-877127
-156660
-397401
667550
-397102
831871
-455392
648481
-236987
-893512
758677
265618
-884668
-296604
-535359
-203224
-100467
568498
-537062
-117866
-455582
-346645
258013
366383
-118487
58897
-583450
-732158
442951
-845134
-952403
-125995
856852
247129
-947670
445283
82217
605666
911493
-105093
-282909
-206898
-591918
-387183
-572806
-26553
-540718
-548787
4249
306988
142874
-161
-948016
-522810
100240
51654
455126
559132
-82060
-40872
-795003
-25112
-276713
-831646
-312175
317743
70892
512632
738580
373744
234843
270464
70667
-904529
279273
-620846
170664
-723436
-231236
736927
161383
-256185
-956811
882105
826765
-486904
821904
-103797
-522933
-439579
818470
614578
345143
-881157
-385164
-832086
-725874
-843431
949329
298585
-369536
389625
27867
-649135
973997
-58568
-122041
767663
434963
299703
366259
-22801
-353206
742476
736106
-51568
101953
-479606
-180745
-193053
-593493
515747
-245055
-678347
695812
-694783
-383414
249980
-210511
-496406
395440
-984713
-397893
501911
-421951
28026
-901281
195546
-415923
817523
-74491
-505296
-64646
-797605
-589175
66194
-759325
713923
-541644
-381302
605627
894483
274680
456498
705097
-230371
88140
962590
600018
240133
-463161
-981808
-351481
-32108
268067
473085
-351914
912954
-303281
881154
-96926
-154375
-205064
185722
960305
-439688
956346
862722
837421
-568580
95478
-88321
-387928
-947328
419760
184309
391469
518214
285384
-177094
147416
234826
444104
-119203
282046
-788164
178577
-332876
940114
-553368
-473421
-707531
-418666
738298
-977529
-608086
-152867
-462274
36891
285055
-270659
850679
-345851
137500
-466223
-145641
-376387
-106611
-288740
-752750
202242
819784
-481283
967068
-1469
-795651
536041
-282632
829761
-756186
-891015
-123551
-548730
478221
373940
184578
-185498
-808368
-209527
107878
-782334
712697
-185156
-244225
123201
802797
389817
-423666
453689
774491
-142264
927798
854241
-85977
-639804
723237
801216
-423661
-563550
23071
169763
334836
-676907
817229
61242
680860
380768
-229392
200914
-866878
399270
893687
321884
414627
-349843
859700
659989
576047
19469
-81620
-116670
252785
463982
-669430
648577
-926327
918603
-658911
337537
-949443
784386
787181
559853
398170
22724
-156784
-414761
-13984
-494934
937003
222068
-969263
-275686
909527
803688
634414
-243909
497122
810446
349215
-760377
-139173
-708896
-934402
-185968
-938845
163983
-483357
902149
-617632
-186256
-313761
-332406
-21629
15967
-789653
996273
388650
-78761
-824538
921873
641331
-363281
766338
322287
979725
419360
-284103
-860194
-856613
342115
-786563
800047
111527
983744
538984
-950449
147869
267853
-879163
457899
693143
641200
-288939
-123183
414760
-791775
990505
973939
79328
-237037
-266796
-900317
-766059
128684
999937
560694
33051
778206
-787395
730277
130503
-601796
980323
-993686
-668242
871433
292515
927488
-911084
-973030
-550075
233315
275389
-735865
588957
514910
-514844
158223
36784
-556791
348477
332182
-54510
-607929
912631
-280702
527021
739453
-859097
196183
298774
125423
148122
-81254
115033
448743
-691926
731735
-902099
-64608
540226
-396559
863096
168679
347429
98476
611608
-331596
232975
886296
515563
-470861
-395344
-383498
-219860
609975
356964
-570438
228569
603775
549821
105370
-858029
317537
561850
-969098
-763953
477478
331127
988868
-280573
766199
277029
-688822
624285
135266
-294348
-541140
-170228
-649509
-676295
672764
109594
-686380
-491826
-313308
867639
43911
-224551
-271299
-259919
-275042
871302
-340893
170985
905528
-715170
387400
27266
-379509
-126193
618757
347863
-516506
723071
411584
-214939
826537
889196
-472947
-370238
-796297
795518
-655695
432900
-118305
-451079
-596546
-838483
509642
180606
542601
-995219
-163720
-233460
246709
-47262
791617
978584
424887
-538281
-884401
-633775
669094
144197
972901
-484133
301242
80012
-548496
-239968
946883
-994053
-956795
775351
-336752
-282266
970723
744098
259759
-335382
-138208
-836566
545356
-861173
-101822
-246051
-118357
-262586
867021
489098
-259151
-628169
-705403
956683
-195192
620141
-797374
-129287
203125
731055
884607
360829
249428
570476
-90024
450528
70949
-891362
-742966
-805465
609916
-291099
-395558
818174
-642646
-836500
732301
727724
99113
-188858
34865
385576
-369368
-579547
171807
330390
44406
-128510
-437366
-845653
-390361
-38570
-853998
290711
-880358
-732185
-916473
416756
-389560
941003
790512
428808
-698573
759814
-733229
-398963
840178
-702238
671876
-861093
73268
-287191
355748
-912656
911593
-338511
707532
707553
-988784
-17391
575886
187646
815051
16967
167413
-148631
854575
-300068
905032
623686
-405327
448955
-441860
436926
950025
148206
-781458
-382575
478409
102300
763377
408616
420854
-829262
648982
544681
917057
-568184
-254061
564896
670996
-357877
-990008
-508081
863614
-373206
424345
-365084
88066
-619375
478936
-382426
-58383
-967464
22246
-498959
661093
701882
-885649
-570885
342537
-669776
-357601
826601
-302725
841265
579788
-701710
178254
-377204
621178
-102360
47166
571512
312316
584690
-660790
863060
635658
920002
190045
358085
-879730
57128
-486317
275014
-15232
-361126
373549
-575000
-932189
6323
-506510
43948
-452743
326040
213113
778962
185878
-816178
79610
-790577
-550582
217662
-883732
524955
892669
926748
840805
76691
-958838
288930
-824531
632221
613928
375368
-830020
618074
342713
-804731
-721953
-187880
-718281
939606
-814352
-821069
-948716
528624
-304582
634138
968
837529
-463851
900529
-494842
298691
595426
653855
124774
-211707
120092
892240
599137
-933300
-391949
-519741
-621709
-593257
-440472
-471981
997710
78738
89306
-131874
-525544
-315458
-993719
849627
756421
-276212
526147
-174352
853304
474128
792589
-711742
124309
-557563
-726009
276220
-287599
-98151
178750
-249767
717518
-72580
778781
529946
-222959
708024
611551
755417
-268220
508288
-201874
-482580
925962
170846
-492855
-455016
379292
392694
953830
-796532
673679
-136714
-362879
-59084
-308557
-117314
-90880
-594437
-467266
-370897
610161
810612
-783795
-617574
-46894
-967800
-962182
78311
19486
-610955
791409
-900441
29658
205736
504233
779153
-294616
926061
427671
447884
759765
633112
564545
-322664
208846
-228297
579691
777280
868371
130481
-331068
138994
210204
-550901
-105981
623921
-144064
209710
801551
-95128
-877652
372431
-772667
381260
244862
794475
-553937
477801
310795
-450592
747678
-392184
970355
25952
-142926
-916387
933659
128203
574026
757162
509774
-244679
951953
-279921
-709248
-570065
768861
-268429
-545926
648765
292482
554000
775299
-424730
780896
693314
47026
-702784
-610990
-726460
996618
-178492
-146268
-765996
-205380
736694
-710321
-421693
898947
641003
165537
603968
-360346
329067
-778195
-197806
110980
203576
-20958
896565
-917412
-445983
-449474
-492495
948008
-527776
-746948
-165801
304346
300445
365661
705336
775748
205045
568210
-426739
-616012
-151272
-335955
-962867
951756
161708
263019
694250
670992
-356591
-853675
265974
-724139
496604
-909969
-974525
-588370
717914
452737
-958110
-501427
-215922
162185
-535884
-162150
-842006
-781700
361895
-724676
720689
791952
-894020
261702
455083
-998286
452232
-209980
-177566
237489
678698
261997
-831053
784158
212042
-449948
-349773
-817446
-899048
700099
446932
137766
-521219
553694
-702476
-572893
601542
70108
442880
885213
981068
274957
499980
-918251
203879
-549540
-362804
38495
-213233
931375
129274
500221
895799
-977285
647845
840730
-923680
-119179
732079
722968
-239170
-488393
900295
-407828
312784
-19958
-899157
-5242
795712
782899
-574997
966884
-676073
-307797
-104951
430872
-560053
640410
-421198
356971
280180
-795251
-498140
-260363
-289926
684918
621083
928650
215032
-723116
-614584
577868
713211
252197
-938629
-96591
6095
-300919
912235
440467
917526
599122
-95278
276985
-523104
-252132
-195878
977417
94303
865037
-559854
687149
902066
-57613
-791227
-505845
-760087
597272
-237695
-556061
304722
-861037
-893130
247643
-777722
-350532
-97711
-382565
147040
967332
-531439
843239
-4516
-559432
345781
765187
-826620
14158
780584
154953
-487470
-562619
-564458
490700
-258422
908676
207659
960775
414750
-759503
549078
781322
-45034
-693042
-909149
-276781
849531
-242669
603113
-620553
395102
-448186
-389397
994849
-521927
573735
-991998
440547
668615
-418291
-963841
43724
340759
-21201
-310966
-426736
-681210
874521
625107
-849912
948218
-949219
530283
-333297
-351742
-148964
872738
-478937
116904
864660
93933
-689251
411740
-968847
-219497
958024
-126385
174849
-996703
-954055
984891
743779
-923576
80009
374462
-460553
48792
-968107
-879279
-996405
85138
-358178
185379
-175517
297762
263559
-797705
-125703
-864104
-936468
755115
-45458
45544
-237252
-604664
-441783
-892456
349307
404896
-689970
-253082
48728
954853
261793
861773
211179
173574
597400
41420
-411272
932242
-925825
215560
-686174
-310504
350034
-137420
661438
-55535
595806
362457
-788213
-127771
-788108
494382
-598487
-199241
-901373
533829
973951
784718
885504
-901140
851166
724630
-879607
36713
304337
166158
984892
-125359
-102011
906404
-927534
-454193
-167697
863124
838591
-605725
-69413
277415
846345
827881
86362
446798
94476
159142
-79947
-315068
851384
-87259
130784
-943034
-159330
100679
51477
-359903
834471
89949
-836552
188246
720578
93849
82162
376309
720120
-17521
667780
-481599
-288562
283874
752157
-719962
-841508
189957
256991
123970
-927966
342181
-978006
732740
-974100
-319230
454124
-805543
-984343
506940
-534266
-665530
930933
902645
-997421
-538669
63938
109377
611726
657442
429759
-932040
-536342
-875292
-822735
-123542
10080
-71865
676655
-416861
664751
291376
771567
879399
-994812
-387752
-125487
-943178
-498511
386893
8736
100264
-175473
-40085
-422504
154069
-527045
484350
439281
331185
-311259
-586265
15427
-878962
-661027
176497
4491
-718508
-477723
620777
-559052
-295674
-672054
620922
-521725
361011
400214
-308479
34617
-298185
-970580
-530439
-510402
-755200
282823
-690120
-622413
388368
-774111
604761
13832
-180053
-130466
506066
391543
720306
-884040
-889616
914858
467431
-376243
389067
-176933
-511611
-699021
663140
-672955
-173915
896488
-480512
-345008
334632
275594
-39174
-916480
541944
842617
940125
-603070
-649118
-569719
2577
111010
387430
571075
-934844
925447
-36969
624777
321092
-852978
294538
877157
-886391
516576
-871819
179433
-734393
925638
100883
-975541
564809
6609
-790651
-975313
587246
252044
-561047
-42126
782390
-466020
380929
680695
302730
599450
74652
-486474
-768422
-247738
-57503
685233
961951
-287793
15365
841788
494092
695665
791780
-162225
283219
368101
-492033
291847
739864
-449780
-592965
203453
-120380
-382956
-966035
-907516
598130
-195549
-41675
-497325
-853041
-663976
-502249
-148813
588946
513029
-441152
499709
213861
-798457
440907
952034
-785510
813839
122190
-779654
-732825
-916744
-773721
-245135
-143086
-690578
-210048
-234947
-761309
689803
-499558
-175304
257885
-422647
-151253
-977156
-86765
-546561
418515
-446329
-225285
332355
455933
-862364
489252
195180
-645638
-92988
304331
-169908
909514
808937
-926143
-621701
25664
83807
-144572
-544500
93646
-209537
49720
-132624
-797847
-31906
-664370
20376
-263259
-524090
-765241
-889595
-946934
-180034
15652
104528
-389731
-290968
-222269
-483669
-975425
205523
28958
31714
-306203
-765928
-208074
-185346
-921864
879142
168187
735964
-587748
-240267
309993
-213715
-321048
498792
-641032
-3583
400005
687326
363860
477587
-783060
583358
-566769
704703
-241821
-927948
-7848
665759
-813659
767822
89324
-935944
-157932
635419
-268968
937096
971892
-676779
935397
436623
-241554
-105569
469938
-937851
-51975
740695
331918
-263954
-390340
-26679
699351
680368
985941
968729
-531243
-794584
-329962
-161081
375603
-887096
423732
-286941
487472
-121249
40067
-526762
-363554
-707085
610863
-448830
582968
591707
-179354
471281
247625
-666295
177066
199116
908093
-40846
-716365
-754180
-772275
143358
575228
-800529
-486089
-471205
141718
72344
475996
650784
-301730
-281409
838714
-555149
500282
554692
861787
548046
-442605
594903
-40278
831179
-256892
737415
159729
-692452
203432
173306
333584
49584
330126
-97682
-802082
194870
772621
-218399
-20152
-34326
145814
-384110
-542631
-627461
553269
907298
62351
-886429
241642
989829
-104720
642200
-228384
-873392
-542946
-446083
573982
712342
-66191
-770742
941817
-348484
-781839
-348866
340145
-83790
-564545
-565167
-338025
-877897
-838821
-980106
-169812
853939
88794
-654324
-534021
-799789
243694
-848667
-227366
-324706
-303927
180064
-555810
153570
769569
-575686
689221
-904350
-534884
607587
-98485
809697
342905
-123161
-955861
-242139
206443
-38284
301465
-749181
909208
-664260
526755
-760678
-447910
-555319
-245375
414039
-833676
709409
-695287
612280
8318
-901489
457551
-94918
732239
-174253
828629
-963015
489079
-967458
-695371
-478914
-326624
667185
-576917
-147495
-528512
-683849
605803
561264
-302825
557923
932699
73887
-44837
392404
-992144
-759337
922276
-793168
-756633
-641472
-753230
929684
977935
-33926
-891088
-196379
985561
350096
392019
676689
-663701
496725
-489991
-595846
-699207
543087
275238
-129750
-808650
773818
921902
299100
351701
408773
788332
-209340
-799071
679299
961871
-404853
-414453
-613787
389730
368285
610275
-864123
-790440
658595
-324642
-157141
234784
-134180
649054
-536107
-866297
-383230
-672329
-404679
547133
-589931
-371154
-179855
538856
-521033
130988
580559
114018
-343644
-286197
-515753
-251051
-552739
115210
39563
728544
663344
-361901
-889282
-455096
-817332
551138
645791
-537657
211510
569645
906392
344191
-372327
-490759
172691
-154384
-451738
521372
224288
-519897
372199
872865
-368186
612248
15567
481687
368014
169589
77061
-56322
541288
274348
214357
959134
-348701
651985
-921496
281333
803811
-302373
-745293
503745
97022
-51942
-5479
666075
45453
725966
-399138
721811
-331316
456670
575354
50653
350758
221974
-7344
805084
24971
919111
832876
497569
667845
517048
-660082
71177
670447
664904
554706
-633023
231374
-184302
257092
373656
-759149
-498076
-817512
-640320
-747682
-122746
214733
-74173
-940399
846199
-389564
266136
191640
367704
246665
373599
122858
-161710
-359676
-782802
-838114
335182
-276177
-761273
-997232
887156
903783
362627
-425730
-945011
760247
823499
443490
-635774
351640
-347938
-975095
334700
-914156
170734
966208
-705612
-420727
-160338
-161919
265549
34366
878444
986978
-536272
332326
781094
-785357
-368925
147250
504772
759491
-10487
618846
-982390
-888006
-304119
-870512
-619283
108490
-56584
-915595
557416
-595588
-961643
-445311
228504
-407631
-908985
-289925
-775027
133058
-91053
529688
988714
-659664
105345
626661
-876514
586720
-118633
662458
-649856
133292
342224
-33980
-999554
423608
-254245
-824672
590768
640239
-104040
129752
-913123
423482
-866890
770180
-362978
-50030
91092
-36208
21464
272590
968834
-628990
-501533
-101361
973814
859218
538
-567338
672541
698284
-965238
927725
-976602
-373290
484103
619812
-39024
-927678
-979566
-336063
-984165
955214
-580862
-606226
744857
948649
-584809
22494
910536
669580
194380
855673
961719
713649
143900
-348163
-251085
-802952
325941
295080
-708948
204665
257653
-449632
-661909
-938570
513578
416752
334027
450344
-653900
-635294
-324083
-615932
-205406
-856490
-486183
545445
136588
-644920
440529
-425941
-237042
-11884
-432229
-114335
-157679
-910707
107200
113715
-476289
931528
-500960
-248627
396118
538606
-92166
788680
-869068
-281830
882890
-671000
-380389
-367890
683959
419459
-678601
941865
128723
644017
-173488
-844816
-158767
-710251
-586155
195816
-541465
869179
380750
750948
-483386
-627982
-345250
984083
-409559
-153748
-426558
754391
-678975
100684
-737859
-643585
-236366
586700
417350
315229
51253
-688840
-47928
618939
355803
-41265
893785
-243935
820041
812886
929053
880935
-909931
-369127
-794822
-818419
-894666
697785
-592094
908371
-725736
-866212
-33159
116331
588300
-221678
867170
-861675
-27885
752865
-207564
93503
-790088
803079
-905602
-514610
579028
-484057
352825
967757
-629954
298962
-343808
-777481
-836009
187239
352752
-481075
720977
692203
-476679
754958
-795105
-364347
445061
-900663
-1222
-49270
990805
708899
-881490
802417
258799
492326
47765
-304681
76287
-209754
651849
-307003
-494684
-938324
-146162
-753825
457841
-675360
827744
-662811
956230
792542
-188733
637801
497574
72430
590122
-857373
-737686
-244967
185988
675407
-117053
487678
731318
388775
-499767
-705126
464754
-485119
562303
-568411
-202948
136402
805669
-857032
543234
851400
-786317
986389
595305
-673397
-425010
896860
640703
-116808
887763
-362113
31486
-795573
-968921
748698
-461157
-893539
213165
486174
887904
-908756
-754731
691731
67012
-728930
-330226
-430416
404620
-799878
-564276
-379604
999429
34137
196248
13850
-374050
215331
-192400
-854739
93261
964151
-612
728082
909070
-651194
526945
-987481
-12325
906237
-903145
626748
346636
-291985
-8266
-276070
852294
-361327
-658606
-210468
753926
-69884
-919686
-213502
-248973
423199
118631
-908857
102382
-397931
-637858
-649054
408861
767159
227988
278439
498873
-659544
842139
-825718
-953568
213672
-243395
-802802
484572
787786
-277768
50745
-21767
-508131
-831369
-897334
-391801
166500
832831
606155
-770215
252676
606734
672050
335383
-686148
-772359
-239605
653658
-821511
541020
669808
19670
-525276
180258
-910333
-981112
458550
834194
824199
-411257
306062
-651612
-314866
-129473
253382
-557529
518874
-338107
728322
670444
-679387
-115820
931126
753990
42341
121189
169090
-823321
-62430
172786
542535
73290
-663053
-734047
-692540
801494
478141
-350004
-200686
976041
-572213
-122153
-306258
815217
184336
623404
922300
-347488
18877
88200
-991669
692187
36927
-167072
-799536
-138413
-49930
-952278
784837
702805
80344
-287972
-552982
-247912
-490065
-1025
690044
-273405
-239192
578564
669411
303931
974254
-810483
-43751
399431
-348572
-536087
-94829
163419
260418
744830
-570186
-953385
-734558
478035
726512
193114
776067
-61570
-932961
-798956
-226843
-721297
748344
-86446
555214
419481
-198096
-391793
694147
-839621
949707
-905948
286072
419435
784048
919786
-190917
-213523
-551490
-503517
-179930
-865819
876579
790661
-363020
-753516
-70538
-34538
2373
151803
128986
-601390
627251
315197
236948
20380
-692595
921547
-167163
-446778
986671
625534
951157
833739
634422
-905094
-406622
742326
713388
-82094
-734716
855394
-882183
-828385
64654
194042
22145
-747442
-276269
146930
-774831
109320
-769108
-147726
5114
861143
742568
-198050
843001
-284840
-52435
-639227
959899
-215959
-804522
670638
418001
574130
-622626
820019
751687
1013
94078
-635578
-300800
322722
222989
626765
-607631
643435
-857507
726058
887133
-963159
168867
-529847
-433064
71253
-210370
815020
77086
-983771
-110783
743321
116201
-954609
820264
-235200
692856
875364
718583
-559664
-399082
869909
766685
750401
0
-247360
-420402
842089
-695302
962320
-96404
-493018
607709
951093
470768
-211868
-783149
-464718
-718742
-907328
-642466
298556
-302892
-460908
-691822
-796015
965091
-462864
983291
226511
-408852
-550424
711141
337866
757070
-4967
-127665
587935
-459118
894961
923835
-965766
954706
-775951
-378925
-97494
665031
855665
617341
883513
-181820
-364573
55505
-661841
749247
202259
946236
955078
-994289
-869801
-645816
585339
-711916
69945
-106219
280780
219738
-823175
-305879
159162
-525213
-810463
375763
-874669
-147544
262171
-987811
-982690
-873241
956112
-825602
621620
-750486
728013
-946268
977616
514763
129718
-986893
-906232
32044
-847738
-678892
162862
189804
616118
-468935
189082
817451
-845981
-281885
-469700
-83491
-636984
238708
-58345
87353
382152
122295
-779258
517085
577082
365169
804664
-60980
277234
-177871
197272
-882124
681266
-606829
-811732
-663405
561959
722380
810362
-49761
-270128
684051
-929604
-96347
32171
106284
383997
85288
811626
-464588
-210496
-507440
-541686
-731845
-997461
816294
-305800
-826705
-78354
607352
732304
-33938
925249
559870
-752730
165515
-766438
774557
968092
-801862
-266478
-939214
462199
-277031
-952687
-582513
550952
-982435
432096
-532175
156749
-342417
-297690
654514
-645485
305381
900276
-731398
-986574
283339
-893831
-960061
-823992
370883
632326
-265002
-133626
-920673
-995295
360135
244473
601678
-467775
281899
534174
-382190
-988163
-450107
558359
-629571
983586
-5760
-197950
750408
-834523
-188816
22761
180786
803139
981674
-835772
-997898
-233790
-637338
107786
-967448
-238812
-660019
-874994
-221027
273679
806823
-234081
218930
-330248
-206702
-983374
-264044
-388882
682769
-685569
-780577
-551370
796817
-126237
657147
443527
728554
-624035
157253
133858
-384206
7720
26871
989914
-610382
656688
-270253
123703
-769276
-17582
535951
-931592
745796
-113611
-247885
-889772
-758717
-686036
58980
404067
-106387
-150601
-714237
213896
-553592
605899
-64207
-970876
331700
-576065
354370
930440
-746959
-526114
-331529
-473564
679914
-768363
-252610
-906135
711207
947520
85038
956900
-43547
958485
-184134
-277043
662846
-611613
-853882
636423
795064
-575546
-426468
196571
197630
-380104
133466
246784
-689988
191539
763294
-348101
-96796
519501
584779
10714
801933
850490
926628
-273029
756167
-687458
-695961
-738701
-398746
-5687
-756462
-370533
667403
-380423
-864975
-805698
668353
876653
251231
625254
-465808
371603
-407444
283556
-144599
480889
-732329
589275
-712469
862154
-953627
-412845
-646441
-753303
-372894
-279822
102278
444794
107934
585490
625227
-460425
65818
-12918
-111444
289746
-50711
842537
546041
947583
-118542
524390
438580
-686088
-82806
-438839
218932
-153807
629624
395696
424819
-485941
-899152
-934764
168628
-188135
101100
212914
-739017
-624288
523563
-895792
-694235
-687672
570220
254650
-898711
-562826
-171183
-300860
-834472
370684
-736576
151879
-759444
-840969
-799734
787669
-377378
163699
769395
946713
-132292
372240
641403
-60647
-34413
-899303
-545840
608790
-271828
-541486
-74341
-828703
593884
800810
6431
322250
697590
600348
-917528
527926
-645295
-806487
728537
857679
523129
-559159
82715
774168
-734828
-905688
203805
260734
73572
904746
45616
-25958
-850645
-162869
248171
-278525
464063
-920319
-806023
149382
549134
-362036
-894209
-871635
98289
-764096
147245
172417
-545393
520945
-283966
-260780
-119396
109298
-683609
-570707
-367754
828860
154751
-54051
779123
907605
240747
293241
653143
-444180
-794724
810366
213949
225462
15690
944803
17551
553904
-417984
82751
964868
295979
-140415
-594539
631019
-528638
-69725
-701175
698379
827090
458240
-185111
955967
-989512
554042
502733
-803828
-925715
-608089
68722
954658
-783218
758421
-467077
-535421
489300
59647
-684205
254212
-928649
-610953
-11449
692017
554697
-582165
941554
-840524
952524
590703
119790
720749
-427358
388576
382651
-183539
-517643
-772268
596289
91829
658880
-746640
600318
-58377
22726
558660
-878000
-769397
-3272
-98871
852479
-303248
772206
-875098
687647
-310785
-344605
79489
-299792
215109
-703374
-91180
782907
248444
101524
-856321
618037
-360284
-953114
-528330
-859717
-854706
863716
-610671
-601858
428556
808935
-991327
-840865
703711
-160975
934609
651237
-966282
-779568
165289
299921
419870
-275696
484082
569844
-426408
990149
220612
-420044
5195
157373
-239135
-417907
-183140
-914921
715155
-263810
-771057
-167542
-717633
-353307
-886285
-574440
413175
439413
651723
264967
-817086
-437992
118381
249420
341724
-671417
472021
207997
822437
-552737
496837
703027
-579850
-271032
30389
-746201
-425497
-142764
336010
-456074
982516
-163493
137393
26099
-83866
649374
631954
-21
340684
872534
-223605
167686
-969356
784207
-910771
-455438
-433862
963560
564664
-622663
-755871
458439
604481
-293835
473193
622372
-410316
-412459
277325
-71230
119102
544341
477402
-330055
-358514
438616
-857071
15403
-717059
327748
746423
-552892
152115
77564
-519949
-826832
-206655
-626755
754040
-318407
261453
346584
457302
669493
-949164
371198
390762
-48665
-174221
936026
693478
478189
-363610
323435
-14607
758298
932056
398956
458905
374154
-478949
40860
813811
-448888
564874
930272
643587
-454414
284340
963051
869649
821572
376617
-640176
718517
665147
636019
525635
241742
599759
-753026
-76234
536915
-792207
681194
-499488
-756786
217000
876883
-722298
-648911
-357414
906796
6658
-326053
-91895
-227721
-527133
767316
998910
421250
687663
-318647
-26253
669318
-116703
-574515
908486
-342721
938710
-508475
923797
-196308
591309
-508887
709936
-163527
301585
-437798
924829
265111
-644126
-102639
592647
-457753
-894783
98217
37089
-503869
49643
-95408
866636
-365561
537464
-685501
-303613
-166861
859303
722609
938013
-343512
-934035
478303
286893
-146113
733548
-224508
524345
506065
-555260
222829
136136
-797167
-766775
-449890
380442
258956
670333
177530
394653
-498932
146987
186922
946120
100175
344543
761106
249281
481883
910893
877610
-615111
746276
376789
169631
392849
-43716
-101357
-528515
-555436
911712
128477
93649
615174
-58569
-581576
-369403
-693357
118447
70953
-631636
233184
-229548
526205
-510427
-92492
779115
546061
362683
62782
-928813
964828
806944
-658553
991428
28891
143501
586360
267165
995154
-983665
785117
-916298
-626811
-573631
-541385
133493
-329675
-464730
972017
519345
-627319
-900300
-385226
647560
-957041
-148934
-266018
-2923
828598
-923152